# Admixture proportions in HGDP data estimated using ADMIXTURE 1.23
# with the following command: 
#
#   admixture --seed=1 -l 0 -e 0.1 hgdp.geno 7
# 
# hgdp.geno is the file containing the genotype data for 940 samples
# and 159,516 SNPs in the format used by EIGENSTRAT (see the manual
# accompanying the ADMIXTURE software for details about this format).
#
# See predict.admix.hgdp.R for more details about the HGDP data.
#
# The final console output from running ADMIXTURE is as follows:
#
#   Summary: 
#   Converged in 38 iterations (350.798 sec)
#   Loglikelihood: -114547450.659248
#   Fst divergences between estimated populations: 
#           Pop0    Pop1    Pop2    Pop3    Pop4    Pop5    
#   Pop0    
#   Pop1    0.127   
#   Pop2    0.208   0.133   
#   Pop3    0.247   0.174   0.074   
#   Pop4    0.146   0.040   0.140   0.181   
#   Pop5    0.215   0.151   0.207   0.245   0.165   
#   Pop6    0.112   0.080   0.160   0.201   0.099   0.151   
# Writing output files.
#
id K1 K2 K3 K4 K5 K6 K7
HGDP00218 0.024158 0.662199 0.000010 0.000010 0.236682 0.014597 0.062343
HGDP01209 0.062425 0.013875 0.000010 0.000010 0.000010 0.000010 0.923661
HGDP01208 0.057781 0.005634 0.000010 0.000010 0.005232 0.000010 0.931324
HGDP00694 0.000010 0.223759 0.061399 0.008115 0.706697 0.000010 0.000010
HGDP01205 0.047330 0.026818 0.000010 0.000010 0.015002 0.000010 0.910820
HGDP00210 0.011495 0.754330 0.000010 0.000010 0.139244 0.024874 0.070038
HGDP00213 0.024736 0.680082 0.000010 0.000010 0.231258 0.018081 0.045823
HGDP01206 0.072810 0.014467 0.000010 0.000010 0.013425 0.000010 0.899269
HGDP01201 0.000010 0.000011 0.990584 0.009364 0.000010 0.000011 0.000010
HGDP00214 0.016455 0.615669 0.000011 0.000010 0.293833 0.011202 0.062821
HGDP01203 0.076953 0.018164 0.000010 0.000010 0.000010 0.000010 0.904843
HGDP00216 0.017875 0.697885 0.000010 0.000010 0.193469 0.020499 0.070252
HGDP00189 0.010938 0.736370 0.000010 0.000010 0.150960 0.035511 0.066202
HGDP01363 0.027509 0.056260 0.000010 0.000010 0.916192 0.000010 0.000010
HGDP01360 0.024334 0.076550 0.000010 0.000010 0.899076 0.000010 0.000010
HGDP01361 0.020562 0.050245 0.000010 0.000010 0.925552 0.003611 0.000010
HGDP01366 0.017656 0.077985 0.000010 0.000010 0.904318 0.000010 0.000010
HGDP01367 0.033227 0.060169 0.000010 0.000010 0.906564 0.000010 0.000010
HGDP01364 0.017905 0.077911 0.000016 0.000010 0.899073 0.005074 0.000010
HGDP01365 0.016377 0.083785 0.000010 0.000010 0.899799 0.000010 0.000010
HGDP00181 0.013633 0.753598 0.000010 0.000010 0.140624 0.021905 0.070220
HGDP00183 0.016279 0.735953 0.000010 0.000010 0.141179 0.030661 0.075908
HGDP01369 0.022852 0.058229 0.000010 0.000010 0.918879 0.000010 0.000010
HGDP00185 0.012227 0.729595 0.000010 0.000010 0.176390 0.022412 0.059357
HGDP00187 0.022315 0.749136 0.000010 0.000010 0.156005 0.023007 0.049518
HGDP00693 0.000010 0.229727 0.069892 0.000010 0.700341 0.000010 0.000010
HGDP00052 0.000010 0.785172 0.000010 0.000010 0.206771 0.000010 0.008016
HGDP00692 0.000010 0.195151 0.164010 0.021611 0.616571 0.000010 0.002636
HGDP00663 0.000010 0.000010 0.000010 0.000010 0.000010 0.802635 0.197315
HGDP00722 0.000016 0.222240 0.076929 0.002481 0.692591 0.000010 0.005733
HGDP01204 0.024541 0.017815 0.000010 0.000010 0.003695 0.000010 0.953918
HGDP00264 0.023017 0.687117 0.000013 0.000010 0.194574 0.025292 0.069978
HGDP00725 0.000011 0.225776 0.061654 0.002091 0.710448 0.000010 0.000010
HGDP00267 0.000010 0.999940 0.000010 0.000010 0.000010 0.000010 0.000010
HGDP01207 0.055389 0.016971 0.000010 0.000010 0.016142 0.000010 0.911469
HGDP00262 0.016942 0.663945 0.000010 0.000010 0.239086 0.018704 0.061304
HGDP00724 0.000010 0.220166 0.075907 0.000011 0.696490 0.007407 0.000010
HGDP01304 0.044480 0.259323 0.000010 0.000010 0.180283 0.000010 0.515885
HGDP00726 0.000011 0.238050 0.080389 0.003681 0.677849 0.000010 0.000010
HGDP00698 0.000010 0.202875 0.077021 0.008927 0.709802 0.001356 0.000010
HGDP01335 0.000010 0.000010 0.000010 0.000010 0.000010 0.000010 0.999940
HGDP01104 0.000014 0.000010 0.000010 0.000010 0.000010 0.000010 0.999936
HGDP00982 0.000010 0.000010 0.000010 0.999940 0.000010 0.000010 0.000010
HGDP00985 0.000010 0.000010 0.315133 0.684817 0.000010 0.000010 0.000010
HGDP00984 0.000010 0.000010 0.000010 0.999940 0.000010 0.000010 0.000010
HGDP00986 0.000010 0.000010 0.351016 0.648934 0.000010 0.000010 0.000010
HGDP01202 0.000011 0.000010 0.971345 0.028603 0.000010 0.000010 0.000010
HGDP01184 0.007992 0.000010 0.000010 0.000010 0.000010 0.008076 0.983892
HGDP01296 0.007949 0.023483 0.000010 0.000010 0.005632 0.000464 0.962453
HGDP01297 0.036365 0.320507 0.000010 0.000010 0.218096 0.000978 0.424033
HGDP00864 0.883018 0.049725 0.000010 0.000010 0.000010 0.000010 0.067216
HGDP00865 0.898654 0.018005 0.000010 0.000010 0.015830 0.001031 0.066460
HGDP00862 0.830358 0.030371 0.000010 0.000010 0.079037 0.000010 0.060205
HGDP00863 0.840889 0.024939 0.036216 0.004586 0.028170 0.005577 0.059622
HGDP00860 0.625631 0.052657 0.039894 0.000010 0.243092 0.000010 0.038706
HGDP00861 0.762427 0.029303 0.028525 0.000010 0.127146 0.010965 0.041624
HGDP00868 0.788466 0.036122 0.019886 0.012157 0.099139 0.000010 0.044219
HGDP00869 0.763465 0.031265 0.000010 0.000010 0.158211 0.001372 0.045666
HGDP01199 0.000010 0.000011 0.986378 0.013571 0.000010 0.000011 0.000010
HGDP01198 0.000010 0.000010 0.000010 0.000010 0.000010 0.008139 0.991811
HGDP01195 0.000010 0.000010 0.000010 0.000010 0.000010 0.000010 0.999940
HGDP01194 0.000010 0.000010 0.000010 0.000010 0.000010 0.006991 0.992959
HGDP01197 0.000011 0.000010 0.000010 0.000010 0.000010 0.000010 0.999939
HGDP01196 0.000011 0.000010 0.000010 0.000010 0.000010 0.000010 0.999939
HGDP01191 0.000011 0.000010 0.000010 0.000010 0.000010 0.000010 0.999939
HGDP01190 0.000012 0.000010 0.000010 0.000010 0.000010 0.000010 0.999938
HGDP01193 0.000011 0.000010 0.000010 0.000010 0.000010 0.000010 0.999939
HGDP01192 0.000010 0.000010 0.000010 0.000010 0.000010 0.000010 0.999940
HGDP01234 0.045384 0.020684 0.000010 0.000010 0.002156 0.000010 0.931746
HGDP01236 0.036992 0.000010 0.000010 0.000010 0.000010 0.000010 0.962958
HGDP01032 0.000010 0.000010 0.000010 0.980083 0.000010 0.014256 0.005621
HGDP01033 0.000012 0.000012 0.774734 0.222784 0.000010 0.002439 0.000010
HGDP01030 0.000010 0.000010 0.621657 0.378293 0.000010 0.000010 0.000010
HGDP00717 0.000010 0.107100 0.000010 0.000568 0.000010 0.050970 0.841332
HGDP01036 0.000010 0.000010 0.000010 0.974620 0.007393 0.013469 0.004488
HGDP01037 0.925963 0.018504 0.000010 0.000010 0.000010 0.000010 0.055493
HGDP01034 0.000010 0.000011 0.735978 0.260337 0.000010 0.003643 0.000010
HGDP01035 0.000010 0.000010 0.819615 0.180335 0.000010 0.000010 0.000010
HGDP00918 0.000010 0.000010 0.971575 0.004052 0.014838 0.009505 0.000010
HGDP01232 0.027989 0.020429 0.000010 0.000010 0.029222 0.000010 0.922330
HGDP00608 0.000010 0.133624 0.073307 0.001771 0.785339 0.000208 0.005741
HGDP00609 0.000010 0.179721 0.118570 0.000010 0.692080 0.000010 0.009600
HGDP00606 0.000010 0.215056 0.025206 0.001244 0.750301 0.008173 0.000010
HGDP00607 0.000010 0.090090 0.089739 0.002186 0.807415 0.009453 0.001106
HGDP00604 0.000010 0.251485 0.003176 0.000010 0.745299 0.000010 0.000010
HGDP00911 0.000010 0.000010 0.992583 0.003532 0.000010 0.003756 0.000099
HGDP00602 0.000011 0.256051 0.012115 0.000010 0.730206 0.001597 0.000010
HGDP00917 0.000402 0.000010 0.989782 0.005822 0.000014 0.000010 0.003961
HGDP00600 0.000010 0.253716 0.009103 0.000010 0.735850 0.000975 0.000337
HGDP00601 0.000010 0.255197 0.020838 0.000032 0.721314 0.002599 0.000010
HGDP00541 0.000010 0.000010 0.000010 0.000010 0.000010 0.999940 0.000010
HGDP01334 0.000012 0.000010 0.000010 0.000010 0.000010 0.000010 0.999938
HGDP00655 0.000010 0.000010 0.000010 0.000010 0.000010 0.780658 0.219292
HGDP01310 0.000015 0.000013 0.000010 0.000010 0.000010 0.015310 0.984632
HGDP01337 0.002983 0.000010 0.000010 0.000010 0.000010 0.011978 0.984999
HGDP00031 0.007733 0.774508 0.000010 0.000010 0.182273 0.010469 0.024997
HGDP00033 0.004050 0.758127 0.000010 0.000010 0.216099 0.013327 0.008376
HGDP01336 0.000011 0.000010 0.000010 0.000010 0.000010 0.000010 0.999939
HGDP00035 0.000010 0.790563 0.000010 0.004418 0.155619 0.014030 0.035351
HGDP00423 0.022649 0.693204 0.000010 0.000010 0.124901 0.014022 0.145204
HGDP00037 0.002882 0.760295 0.000010 0.000010 0.218642 0.005168 0.012994
HGDP00788 0.000010 0.000010 0.000010 0.000010 0.000010 0.796284 0.203666
HGDP00039 0.000010 0.725862 0.023114 0.006806 0.170881 0.029708 0.043618
HGDP00786 0.000011 0.000010 0.000010 0.000010 0.000010 0.000010 0.999939
HGDP00785 0.000010 0.000010 0.000010 0.000010 0.000010 0.000010 0.999940
HGDP00656 0.000010 0.000010 0.000010 0.000010 0.000010 0.771320 0.228630
HGDP00783 0.004897 0.000010 0.000010 0.000010 0.000010 0.000010 0.995053
HGDP00782 0.000010 0.000010 0.000010 0.000010 0.000010 0.001316 0.998634
HGDP00428 0.011608 0.678135 0.000010 0.000010 0.145785 0.015151 0.149300
HGDP00780 0.000010 0.000010 0.000010 0.000010 0.000010 0.000010 0.999940
HGDP01333 0.000010 0.000010 0.000010 0.000010 0.000010 0.000010 0.999940
HGDP01342 0.003113 0.000010 0.000010 0.000010 0.000010 0.010320 0.986527
HGDP01332 0.000011 0.000010 0.000010 0.000010 0.000010 0.000010 0.999939
HGDP01330 0.000010 0.000010 0.000010 0.000010 0.000010 0.000010 0.999940
HGDP00471 0.000010 0.000010 0.000010 0.999940 0.000010 0.000010 0.000010
HGDP00732 0.000010 0.214201 0.066263 0.000010 0.719005 0.000500 0.000010
HGDP00045 0.000010 0.790233 0.000010 0.000010 0.191077 0.011823 0.006836
HGDP00730 0.000010 0.236043 0.060570 0.000010 0.702721 0.000010 0.000635
HGDP00047 0.000010 0.672572 0.047342 0.014774 0.240962 0.011605 0.012734
HGDP00736 0.000013 0.232496 0.069775 0.001177 0.696520 0.000010 0.000010
HGDP00041 0.002239 0.758619 0.000010 0.000010 0.218726 0.001465 0.018932
HGDP00734 0.000010 0.219794 0.079146 0.000010 0.690853 0.001136 0.009052
HGDP00043 0.001592 0.741438 0.018303 0.015242 0.202620 0.017715 0.003090
HGDP00738 0.000010 0.172808 0.138722 0.011957 0.668693 0.007799 0.000010
HGDP00326 0.000010 0.999940 0.000010 0.000010 0.000010 0.000010 0.000010
HGDP00049 0.003355 0.757349 0.001519 0.008564 0.205108 0.014739 0.009366
HGDP00323 0.000010 0.999938 0.000010 0.000010 0.000010 0.000012 0.000010
HGDP00254 0.016300 0.698560 0.000010 0.000010 0.224295 0.008688 0.052136
HGDP00558 0.000010 0.245630 0.010976 0.000010 0.743353 0.000010 0.000010
HGDP00559 0.000010 0.256672 0.004550 0.007556 0.731191 0.000010 0.000010
HGDP00251 0.018323 0.692448 0.000010 0.000010 0.187667 0.019496 0.082046
HGDP01294 0.000010 0.010970 0.000010 0.000010 0.000010 0.000010 0.988980
HGDP01328 0.000010 0.000010 0.000010 0.000010 0.000010 0.000010 0.999940
HGDP00478 0.000010 0.000010 0.000010 0.999940 0.000010 0.000010 0.000010
HGDP00552 0.000010 0.000010 0.000010 0.000010 0.000010 0.999940 0.000010
HGDP00553 0.000010 0.000010 0.000010 0.000010 0.000010 0.999940 0.000010
HGDP00550 0.000018 0.000010 0.000010 0.000010 0.000010 0.999932 0.000010
HGDP00551 0.000010 0.000010 0.000010 0.000010 0.000010 0.999940 0.000010
HGDP00556 0.000010 0.000010 0.000010 0.000010 0.000010 0.999940 0.000010
HGDP00258 0.020487 0.708240 0.000010 0.000010 0.164051 0.024004 0.083197
HGDP00554 0.000010 0.000010 0.000010 0.000010 0.000010 0.999940 0.000010
HGDP00555 0.000010 0.000010 0.000010 0.000010 0.000010 0.999940 0.000010
HGDP01307 0.000013 0.000010 0.000010 0.000010 0.000010 0.018809 0.981138
HGDP01300 0.054360 0.312270 0.000011 0.000010 0.225829 0.002337 0.405184
HGDP00667 0.007306 0.007650 0.000010 0.000010 0.977642 0.007372 0.000010
HGDP01301 0.047356 0.301388 0.000010 0.000010 0.189818 0.000010 0.461407
HGDP01295 0.004903 0.015431 0.000010 0.000010 0.000010 0.000659 0.978977
HGDP01302 0.060915 0.198989 0.000010 0.000010 0.175072 0.003304 0.561700
HGDP01411 0.000010 0.008148 0.784670 0.133271 0.051740 0.006958 0.015203
HGDP01303 0.035557 0.306331 0.000010 0.000010 0.243835 0.007548 0.406709
HGDP01345 0.000015 0.001534 0.000010 0.000010 0.000010 0.007210 0.991210
HGDP00139 0.005475 0.623452 0.123113 0.015823 0.220900 0.009438 0.001799
HGDP01314 0.000011 0.000010 0.000010 0.000010 0.000010 0.011931 0.988019
HGDP00470 0.000010 0.000010 0.336574 0.663376 0.000010 0.000010 0.000010
HGDP00130 0.007204 0.419081 0.352314 0.048040 0.139412 0.007861 0.026087
HGDP00131 0.000010 0.716497 0.015344 0.005493 0.240173 0.010490 0.011993
HGDP00133 0.000010 0.745908 0.019223 0.000870 0.227552 0.006427 0.000010
HGDP00134 0.000010 0.693456 0.059705 0.007620 0.228531 0.002887 0.007790
HGDP00135 0.000010 0.751975 0.000010 0.000010 0.233163 0.010313 0.004520
HGDP00136 0.004403 0.713112 0.036593 0.000815 0.226334 0.002856 0.015887
HGDP00137 0.000010 0.729413 0.024526 0.000852 0.228532 0.016657 0.000010
HGDP00951 0.098255 0.073111 0.000010 0.000010 0.033701 0.000010 0.794903
HGDP01308 0.000013 0.000010 0.000010 0.000010 0.000010 0.014519 0.985428
HGDP01309 0.000013 0.000013 0.000013 0.000010 0.000010 0.015593 0.984348
HGDP01253 0.000012 0.000010 0.234259 0.000010 0.764258 0.001440 0.000010
HGDP01250 0.016174 0.037609 0.000010 0.000010 0.017984 0.000010 0.928202
HGDP01251 0.020914 0.025195 0.000011 0.000010 0.009876 0.001907 0.942087
HGDP01256 0.000010 0.001926 0.255249 0.000010 0.735239 0.000010 0.007556
HGDP01257 0.000010 0.000010 0.270521 0.000010 0.724278 0.000010 0.005161
HGDP01254 0.000010 0.000010 0.225458 0.000010 0.761052 0.000010 0.013450
HGDP01255 0.004193 0.000010 0.214926 0.000010 0.764743 0.008335 0.007783
HGDP01258 0.000013 0.000010 0.221892 0.000010 0.763727 0.000987 0.013361
HGDP01259 0.000010 0.000010 0.258540 0.000010 0.723282 0.003204 0.014944
HGDP01397 0.016056 0.391032 0.000010 0.000010 0.546224 0.000010 0.046658
HGDP01396 0.024396 0.379801 0.000010 0.000010 0.564564 0.000010 0.031209
HGDP01293 0.000010 0.000010 0.000010 0.000010 0.014890 0.000010 0.985060
HGDP00929 0.000010 0.000010 0.937309 0.062640 0.000010 0.000012 0.000010
HGDP00928 0.000011 0.000012 0.931264 0.068684 0.000010 0.000010 0.000010
HGDP01347 0.017818 0.052285 0.000010 0.000010 0.024021 0.006962 0.898893
HGDP00925 0.000010 0.000010 0.936694 0.063255 0.000010 0.000011 0.000010
HGDP00924 0.000011 0.000011 0.939589 0.060359 0.000010 0.000010 0.000010
HGDP01179 0.000010 0.000011 0.000010 0.000010 0.000010 0.009446 0.990503
HGDP01076 0.000010 0.000010 0.000010 0.000010 0.994028 0.000010 0.005922
HGDP01077 0.005076 0.004308 0.000010 0.000010 0.990576 0.000010 0.000010
HGDP01074 0.001821 0.000010 0.000010 0.000010 0.990622 0.000010 0.007517
HGDP01075 0.003953 0.000010 0.000010 0.000010 0.993677 0.002330 0.000010
HGDP01072 0.003319 0.000010 0.000010 0.000010 0.996631 0.000010 0.000010
HGDP01073 0.000010 0.000010 0.000010 0.000010 0.998628 0.001322 0.000010
HGDP01070 0.005330 0.000010 0.000010 0.000010 0.994620 0.000010 0.000010
HGDP01071 0.000509 0.000010 0.000010 0.000010 0.984750 0.002165 0.012546
HGDP01177 0.006681 0.127459 0.000010 0.000010 0.865820 0.000010 0.000010
HGDP00444 0.026186 0.716413 0.000010 0.000010 0.106012 0.012507 0.138861
HGDP01174 0.020066 0.141867 0.000010 0.000010 0.838026 0.000010 0.000010
HGDP01173 0.017598 0.115427 0.000010 0.000010 0.866935 0.000010 0.000010
HGDP01172 0.006115 0.165290 0.000010 0.000010 0.828554 0.000010 0.000010
HGDP01078 0.004541 0.006614 0.000010 0.000010 0.988805 0.000010 0.000010
HGDP01079 0.009719 0.000010 0.000010 0.000010 0.990231 0.000010 0.000010
HGDP00956 0.076569 0.074775 0.000010 0.000010 0.039633 0.000010 0.808993
HGDP00957 0.083124 0.066275 0.000010 0.000010 0.035050 0.000010 0.815520
HGDP00954 0.085431 0.092719 0.000010 0.000010 0.030934 0.000010 0.790886
HGDP00955 0.082164 0.067760 0.000010 0.000010 0.048584 0.000010 0.801462
HGDP00952 0.086156 0.061969 0.000010 0.000010 0.062393 0.000010 0.789451
HGDP00953 0.093917 0.121673 0.000010 0.000010 0.239403 0.000010 0.544977
HGDP00819 0.000011 0.000010 0.000010 0.000010 0.000010 0.000010 0.999939
HGDP00818 0.000011 0.000010 0.000010 0.000010 0.000010 0.000010 0.999939
HGDP00817 0.000012 0.000010 0.000010 0.000010 0.000010 0.000010 0.999938
HGDP00815 0.000010 0.000010 0.000010 0.000010 0.000010 0.000010 0.999940
HGDP00814 0.000010 0.000010 0.000010 0.000010 0.000010 0.000010 0.999940
HGDP00813 0.000011 0.000010 0.000010 0.000010 0.000010 0.000010 0.999939
HGDP00812 0.000011 0.000010 0.000010 0.000010 0.000010 0.001731 0.998218
HGDP00811 0.000010 0.000010 0.000010 0.000010 0.000010 0.000010 0.999940
HGDP00810 0.031202 0.184982 0.000010 0.000010 0.783776 0.000010 0.000010
HGDP01171 0.019956 0.153310 0.000011 0.000010 0.826292 0.000411 0.000010
HGDP00372 0.025938 0.689501 0.000010 0.000010 0.116310 0.011411 0.156820
HGDP01349 0.014919 0.029922 0.000010 0.000010 0.020426 0.000010 0.934703
HGDP00371 0.022478 0.672584 0.000010 0.000010 0.125652 0.019229 0.160037
HGDP00376 0.013565 0.687815 0.000010 0.000010 0.094035 0.032442 0.172123
HGDP00950 0.087155 0.082133 0.000010 0.000010 0.110956 0.000010 0.719726
HGDP00778 0.000011 0.000010 0.000010 0.000010 0.000010 0.000010 0.999938
HGDP00779 0.000010 0.000010 0.000010 0.000010 0.000010 0.000010 0.999940
HGDP00776 0.000011 0.000010 0.000010 0.000010 0.000010 0.000010 0.999939
HGDP00777 0.009178 0.000010 0.000010 0.000010 0.000010 0.002536 0.988247
HGDP00774 0.000010 0.000010 0.000010 0.000010 0.000010 0.000608 0.999342
HGDP00775 0.000012 0.000010 0.000010 0.000010 0.000010 0.000010 0.999938
HGDP00772 0.005564 0.000010 0.000010 0.000010 0.000010 0.002210 0.992187
HGDP00773 0.011435 0.000010 0.000010 0.000010 0.000010 0.002613 0.985912
HGDP00771 0.006421 0.000010 0.000010 0.000010 0.000010 0.000010 0.993529
HGDP00677 0.000010 0.223847 0.069332 0.000356 0.706087 0.000357 0.000010
HGDP00676 0.000010 0.235583 0.066504 0.000010 0.693649 0.004234 0.000010
HGDP00675 0.000010 0.218850 0.064524 0.000010 0.716586 0.000010 0.000010
HGDP00674 0.009139 0.000010 0.000010 0.000010 0.990811 0.000010 0.000010
HGDP00673 0.007396 0.003678 0.000010 0.000010 0.982035 0.000010 0.006861
HGDP00672 0.000010 0.000010 0.000010 0.000010 0.988839 0.000010 0.011111
HGDP00671 0.000010 0.000010 0.000010 0.000010 0.997705 0.002245 0.000010
HGDP00670 0.003811 0.000010 0.000010 0.000010 0.989376 0.000010 0.006772
HGDP01102 0.000010 0.000010 0.000010 0.000010 0.000010 0.000010 0.999940
HGDP00791 0.008868 0.000010 0.000010 0.000010 0.000010 0.000010 0.991082
HGDP00679 0.000011 0.233326 0.055079 0.001176 0.710385 0.000013 0.000010
HGDP00678 0.000010 0.230648 0.071803 0.000010 0.697509 0.000010 0.000010
HGDP00516 0.025090 0.199076 0.000010 0.000010 0.775794 0.000010 0.000010
HGDP00100 0.032174 0.352588 0.000010 0.000010 0.232192 0.000010 0.383017
HGDP00103 0.048677 0.304148 0.000010 0.000010 0.168138 0.000010 0.479007
HGDP00102 0.026294 0.301319 0.000010 0.000010 0.186998 0.006163 0.479206
HGDP00105 0.041462 0.294669 0.000010 0.000010 0.180324 0.000010 0.483516
HGDP00104 0.042309 0.406214 0.000010 0.000010 0.222318 0.000010 0.329129
HGDP00459 0.000010 0.000010 0.331340 0.668610 0.000010 0.000010 0.000010
HGDP00106 0.030905 0.327066 0.000015 0.000010 0.195447 0.002272 0.444285
HGDP00109 0.033212 0.325912 0.000015 0.000010 0.176074 0.005475 0.459303
HGDP00108 0.030508 0.294464 0.000010 0.000010 0.200555 0.000010 0.474442
HGDP00455 0.000010 0.000010 0.307258 0.692692 0.000010 0.000010 0.000010
HGDP00454 0.000010 0.000010 0.341807 0.658136 0.000010 0.000017 0.000010
HGDP00518 0.020779 0.159729 0.000010 0.000010 0.819452 0.000010 0.000010
HGDP00450 0.000010 0.000010 0.000010 0.999940 0.000010 0.000010 0.000010
HGDP00021 0.000010 0.757145 0.027188 0.003343 0.193578 0.018726 0.000010
HGDP00958 0.079385 0.074184 0.000010 0.000010 0.094763 0.000010 0.751638
HGDP00959 0.117326 0.019944 0.000010 0.000010 0.000010 0.000010 0.862690
HGDP00795 0.022971 0.212724 0.000010 0.000010 0.764265 0.000010 0.000010
HGDP00588 0.000010 0.248339 0.012783 0.000010 0.738838 0.000010 0.000010
HGDP00584 0.000010 0.266213 0.023435 0.001798 0.708525 0.000010 0.000010
HGDP00587 0.000011 0.256975 0.013659 0.006651 0.720219 0.002475 0.000010
HGDP00586 0.000010 0.252856 0.024898 0.000010 0.722206 0.000010 0.000010
HGDP00581 0.000386 0.264054 0.008498 0.000010 0.724239 0.002802 0.000010
HGDP00580 0.000010 0.251745 0.015539 0.005999 0.723392 0.003306 0.000010
HGDP00583 0.000010 0.255128 0.008203 0.002814 0.733825 0.000010 0.000010
HGDP00582 0.000011 0.260524 0.018944 0.003594 0.712487 0.000010 0.004430
HGDP00175 0.006595 0.452064 0.360330 0.063948 0.071190 0.012162 0.033711
HGDP00177 0.009778 0.704774 0.082245 0.002978 0.107575 0.030998 0.061653
HGDP00078 0.002236 0.693219 0.044423 0.004801 0.237432 0.002002 0.015887
HGDP00173 0.008690 0.661999 0.120849 0.018967 0.116371 0.020942 0.052182
HGDP00074 0.000010 0.777365 0.000010 0.000010 0.204970 0.007150 0.010485
HGDP00076 0.001188 0.660111 0.086511 0.017075 0.214057 0.006347 0.014711
HGDP00070 0.011218 0.730807 0.000010 0.000010 0.073579 0.045649 0.138727
HGDP00072 0.010656 0.787053 0.000010 0.000010 0.194359 0.007894 0.000017
HGDP00208 0.012331 0.725548 0.000010 0.000010 0.158588 0.032800 0.070713
HGDP01218 0.038717 0.021210 0.000010 0.000010 0.017837 0.000010 0.922206
HGDP01216 0.039445 0.009372 0.000010 0.000010 0.019842 0.000012 0.931309
HGDP01217 0.033808 0.013274 0.000010 0.000010 0.025171 0.000010 0.927717
HGDP01214 0.035425 0.040259 0.000010 0.000010 0.022470 0.000010 0.901815
HGDP00201 0.016855 0.738906 0.000010 0.000010 0.148545 0.022803 0.072871
HGDP00206 0.011954 0.736301 0.000010 0.000010 0.122127 0.037177 0.092421
HGDP01213 0.032600 0.012919 0.000010 0.000010 0.012389 0.000010 0.942062
HGDP00205 0.015982 0.739393 0.000010 0.000010 0.165451 0.024418 0.054737
HGDP01357 0.023470 0.051542 0.000010 0.000010 0.924948 0.000010 0.000010
HGDP01356 0.010249 0.055225 0.000010 0.000010 0.029378 0.005950 0.899177
HGDP01355 0.015519 0.049797 0.000010 0.000010 0.020640 0.000010 0.914014
HGDP00199 0.005292 0.796825 0.000010 0.000010 0.177794 0.018784 0.001284
HGDP01353 0.026181 0.031837 0.000010 0.000010 0.050188 0.004655 0.887119
HGDP01352 0.010966 0.034723 0.000010 0.000010 0.026870 0.000010 0.927410
HGDP01351 0.023232 0.038854 0.000010 0.000010 0.036085 0.000010 0.901799
HGDP01350 0.014658 0.049935 0.000010 0.000010 0.042439 0.003573 0.889375
HGDP00192 0.014231 0.791347 0.000010 0.000010 0.110450 0.024463 0.059489
HGDP01292 0.005574 0.000010 0.000010 0.000010 0.000010 0.000010 0.994376
HGDP00191 0.019412 0.728009 0.000010 0.000010 0.172604 0.015457 0.064499
HGDP00197 0.028541 0.719180 0.000010 0.000010 0.163492 0.020986 0.067780
HGDP01359 0.018955 0.058081 0.000010 0.000010 0.919573 0.003360 0.000010
HGDP00195 0.019107 0.764437 0.000010 0.000010 0.103637 0.041387 0.071412
HGDP00155 0.000020 0.724533 0.016161 0.005330 0.250856 0.000010 0.003090
HGDP01290 0.018983 0.013364 0.000010 0.000010 0.000010 0.001586 0.966037
HGDP01240 0.064020 0.000010 0.000010 0.000010 0.000010 0.000010 0.935930
HGDP01291 0.003987 0.011682 0.000010 0.000010 0.000010 0.003991 0.980310
HGDP00290 0.006078 0.988554 0.000010 0.000010 0.000010 0.005328 0.000010
HGDP00150 0.001278 0.538349 0.195001 0.024307 0.211764 0.008995 0.020305
HGDP00298 0.000874 0.999076 0.000010 0.000010 0.000010 0.000010 0.000010
HGDP00151 0.000010 0.704118 0.046221 0.010701 0.213800 0.016025 0.009125
HGDP01103 0.000012 0.000010 0.000010 0.000010 0.000010 0.000010 0.999938
HGDP01278 0.000010 0.000010 0.225978 0.000010 0.767359 0.006623 0.000010
HGDP01279 0.000012 0.000010 0.232830 0.000010 0.754387 0.004367 0.008383
HGDP01246 0.025561 0.026011 0.000010 0.000010 0.005337 0.000010 0.943061
HGDP00992 0.000010 0.000010 0.000010 0.970756 0.005253 0.013108 0.010853
HGDP00993 0.000011 0.000012 0.704079 0.295868 0.000010 0.000010 0.000010
HGDP00859 0.871347 0.015703 0.000010 0.000010 0.041938 0.001389 0.069603
HGDP00858 0.869671 0.017813 0.000010 0.000010 0.042920 0.005045 0.064531
HGDP01298 0.034719 0.339169 0.000010 0.000010 0.238497 0.003566 0.384029
HGDP00994 0.000010 0.000010 0.715729 0.284221 0.000010 0.000010 0.000010
HGDP00995 0.999940 0.000010 0.000010 0.000010 0.000010 0.000010 0.000010
HGDP00852 0.999940 0.000010 0.000010 0.000010 0.000010 0.000010 0.000010
HGDP00998 0.999940 0.000010 0.000010 0.000010 0.000010 0.000010 0.000010
HGDP00999 0.999940 0.000010 0.000010 0.000010 0.000010 0.000010 0.000010
HGDP00857 0.929457 0.000013 0.000010 0.000010 0.000010 0.001386 0.069114
HGDP00856 0.883568 0.030018 0.000010 0.000010 0.021579 0.000010 0.064805
HGDP00855 0.909750 0.000012 0.000010 0.000010 0.000010 0.003235 0.086974
HGDP00854 0.849288 0.015628 0.000014 0.000010 0.079921 0.000010 0.055129
HGDP00797 0.037227 0.172210 0.000010 0.000010 0.790523 0.000010 0.000010
HGDP01270 0.001741 0.010141 0.734871 0.035715 0.206135 0.000010 0.011386
HGDP01188 0.005399 0.000010 0.000010 0.000010 0.000010 0.011803 0.982757
HGDP01189 0.000011 0.000010 0.000010 0.000010 0.000010 0.003892 0.996057
HGDP01186 0.002285 0.000012 0.000010 0.000010 0.000010 0.016625 0.981048
HGDP01187 0.000010 0.000010 0.000010 0.000010 0.000010 0.000010 0.999940
HGDP01101 0.000011 0.000010 0.000010 0.000010 0.000010 0.000010 0.999939
HGDP01185 0.000010 0.000010 0.000010 0.000010 0.000010 0.004963 0.994987
HGDP01182 0.006593 0.000010 0.000010 0.000010 0.000010 0.020157 0.973210
HGDP01183 0.010107 0.000867 0.000010 0.000010 0.000010 0.018890 0.970106
HGDP01180 0.007103 0.000010 0.000010 0.000010 0.000010 0.008886 0.983970
HGDP01181 0.000010 0.000010 0.000010 0.000010 0.000010 0.022414 0.977536
HGDP01267 0.000010 0.000010 0.233639 0.000010 0.755381 0.007448 0.003501
HGDP00883 0.064111 0.241143 0.000010 0.000010 0.643312 0.000010 0.051403
HGDP01274 0.000010 0.000010 0.304331 0.000010 0.684598 0.000850 0.010192
HGDP01275 0.000010 0.000010 0.230101 0.000010 0.769015 0.000844 0.000010
HGDP01276 0.001025 0.000010 0.255282 0.000010 0.736719 0.001964 0.004990
HGDP01009 0.990076 0.000010 0.000010 0.000010 0.000010 0.000010 0.009874
HGDP01006 0.999940 0.000010 0.000010 0.000010 0.000010 0.000010 0.000010
HGDP01277 0.000010 0.000010 0.241713 0.000010 0.740310 0.000010 0.017938
HGDP01003 0.999940 0.000010 0.000010 0.000010 0.000010 0.000010 0.000010
HGDP01001 0.999940 0.000010 0.000010 0.000010 0.000010 0.000010 0.000010
HGDP00632 0.000010 0.196547 0.140816 0.012355 0.650252 0.000010 0.000010
HGDP00631 0.000010 0.081879 0.064712 0.000010 0.844240 0.001591 0.007558
HGDP00630 0.000010 0.059137 0.072198 0.000010 0.856597 0.000010 0.012037
HGDP00637 0.000010 0.186754 0.100056 0.006275 0.704388 0.002508 0.000010
HGDP00636 0.000010 0.124201 0.072849 0.000010 0.792947 0.007740 0.002243
HGDP00635 0.000010 0.198808 0.117996 0.000010 0.683157 0.000010 0.000010
HGDP00634 0.000010 0.180327 0.142011 0.002416 0.672947 0.000010 0.002278
HGDP00927 0.000010 0.000010 0.952426 0.047524 0.000010 0.000010 0.000010
HGDP00926 0.000010 0.000010 0.952411 0.047539 0.000010 0.000010 0.000010
HGDP00639 0.000010 0.145328 0.081799 0.003564 0.764384 0.000484 0.004430
HGDP00638 0.000010 0.164327 0.139912 0.002143 0.689685 0.003913 0.000010
HGDP00799 0.034098 0.177039 0.000010 0.000010 0.788823 0.000010 0.000010
HGDP01373 0.023724 0.068181 0.000010 0.000010 0.908054 0.000010 0.000010
HGDP00920 0.000010 0.000010 0.943952 0.055998 0.000010 0.000010 0.000010
HGDP00720 0.000010 0.123135 0.000010 0.000010 0.000010 0.050480 0.826345
HGDP01265 0.000010 0.000010 0.225190 0.000010 0.769051 0.005719 0.000010
HGDP00790 0.006885 0.000010 0.000010 0.000010 0.000010 0.000010 0.993065
HGDP00023 0.006613 0.764510 0.000011 0.000010 0.212975 0.010043 0.005838
HGDP00388 0.019914 0.708465 0.000010 0.000010 0.115225 0.021222 0.135154
HGDP00794 0.039028 0.185400 0.000010 0.000010 0.775532 0.000010 0.000010
HGDP00027 0.011223 0.754091 0.024167 0.000323 0.174312 0.020080 0.015803
HGDP00796 0.036177 0.209910 0.000010 0.000010 0.753873 0.000010 0.000010
HGDP00025 0.000010 0.784145 0.000010 0.000010 0.195109 0.007221 0.013495
HGDP00798 0.031027 0.220304 0.000010 0.000010 0.748629 0.000010 0.000010
HGDP00382 0.025113 0.671964 0.000010 0.000010 0.133258 0.025061 0.144583
HGDP00029 0.004422 0.610912 0.122939 0.018629 0.196896 0.016952 0.029249
HGDP01264 0.000012 0.000010 0.227415 0.000010 0.764168 0.000010 0.008375
HGDP01225 0.025078 0.007046 0.000010 0.000010 0.026921 0.000010 0.940926
HGDP00706 0.999940 0.000010 0.000010 0.000010 0.000010 0.000010 0.000010
HGDP00704 0.988996 0.000010 0.000010 0.000010 0.000010 0.000010 0.010954
HGDP00703 0.827968 0.010451 0.041218 0.006326 0.075213 0.000010 0.038814
HGDP00702 0.999940 0.000010 0.000010 0.000010 0.000010 0.000010 0.000010
HGDP00338 0.027336 0.683125 0.000010 0.000010 0.136685 0.016572 0.136261
HGDP00700 0.000015 0.202564 0.095140 0.000446 0.694138 0.000010 0.007687
HGDP00336 0.030143 0.667495 0.000010 0.000010 0.118352 0.018973 0.165017
HGDP00333 0.000010 0.999940 0.000010 0.000010 0.000010 0.000010 0.000010
HGDP00330 0.000347 0.999603 0.000010 0.000010 0.000010 0.000010 0.000010
HGDP00708 0.999940 0.000010 0.000010 0.000010 0.000010 0.000010 0.000010
HGDP01147 0.015370 0.141165 0.000010 0.000010 0.843426 0.000010 0.000010
HGDP00244 0.023397 0.666777 0.000010 0.000010 0.215774 0.022116 0.071916
HGDP01228 0.037673 0.017422 0.000010 0.000010 0.024215 0.000010 0.920660
HGDP01317 0.000013 0.000010 0.000012 0.000010 0.000010 0.015937 0.984009
HGDP00243 0.023162 0.687628 0.000010 0.000010 0.239249 0.017115 0.032827
HGDP00569 0.000010 0.249230 0.022124 0.001249 0.724997 0.002381 0.000010
HGDP00241 0.015267 0.694921 0.000010 0.000010 0.221892 0.020672 0.047228
HGDP00567 0.000010 0.242429 0.016308 0.003106 0.738127 0.000010 0.000010
HGDP00566 0.000217 0.254724 0.022488 0.003308 0.719242 0.000010 0.000010
HGDP00565 0.000010 0.253899 0.018536 0.000010 0.727525 0.000010 0.000010
HGDP00564 0.000012 0.266531 0.014148 0.000893 0.718396 0.000010 0.000010
HGDP00563 0.000010 0.250985 0.027355 0.003844 0.717786 0.000010 0.000010
HGDP00562 0.000010 0.244831 0.013706 0.000019 0.741413 0.000011 0.000010
HGDP00561 0.000010 0.232584 0.023019 0.000896 0.743469 0.000011 0.000010
HGDP00560 0.000010 0.268019 0.000010 0.004317 0.727287 0.000346 0.000010
HGDP00099 0.048776 0.279467 0.000010 0.000010 0.191008 0.000010 0.480719
HGDP00098 0.000010 0.722208 0.036109 0.000010 0.183255 0.012382 0.046026
HGDP00096 0.000010 0.761570 0.012202 0.000010 0.185878 0.008307 0.032024
HGDP01211 0.092077 0.024838 0.000010 0.000010 0.000010 0.000010 0.883045
HGDP00094 0.006515 0.724322 0.000010 0.000010 0.216695 0.015023 0.037425
HGDP00092 0.000010 0.766022 0.000011 0.000010 0.176110 0.025977 0.031860
HGDP00090 0.000074 0.779040 0.000010 0.000010 0.170595 0.017927 0.032343
HGDP00511 0.024568 0.197855 0.000010 0.000010 0.777536 0.000010 0.000010
HGDP00149 0.001418 0.696113 0.062075 0.009431 0.149015 0.024431 0.057515
HGDP00148 0.001671 0.723899 0.035910 0.010365 0.221050 0.007095 0.000010
HGDP01261 0.000799 0.000010 0.397547 0.000010 0.584036 0.004139 0.013460
HGDP00145 0.011086 0.714822 0.036677 0.009974 0.223671 0.003760 0.000010
HGDP00412 0.031148 0.666030 0.000010 0.000010 0.140438 0.028577 0.133787
HGDP00146 0.001051 0.680251 0.023654 0.003275 0.279713 0.007157 0.004898
HGDP00417 0.025241 0.673891 0.000010 0.000010 0.126660 0.023520 0.150667
HGDP00140 0.001555 0.680505 0.056021 0.002532 0.214766 0.009915 0.034706
HGDP00143 0.011517 0.736303 0.041122 0.009003 0.125451 0.017039 0.059566
HGDP01313 0.000013 0.000010 0.000010 0.000010 0.000010 0.014100 0.985847
HGDP01316 0.000010 0.000010 0.000010 0.000010 0.000010 0.013326 0.986624
HGDP01312 0.000010 0.000010 0.000012 0.000010 0.000010 0.013885 0.986064
HGDP01311 0.000014 0.000010 0.000011 0.000010 0.000010 0.017456 0.982488
HGDP00897 0.068312 0.229836 0.000010 0.000010 0.662232 0.000557 0.039043
HGDP00896 0.071302 0.235001 0.000010 0.000010 0.647427 0.000010 0.046240
HGDP00895 0.065658 0.226861 0.000010 0.000010 0.643745 0.000010 0.063705
HGDP00749 0.008872 0.000010 0.000010 0.000010 0.000010 0.000010 0.991078
HGDP00893 0.065199 0.252868 0.000010 0.000010 0.627546 0.000010 0.054357
HGDP00892 0.063284 0.245750 0.000010 0.000010 0.648837 0.000010 0.042098
HGDP00891 0.063551 0.210172 0.000010 0.000010 0.664752 0.000010 0.061494
HGDP00890 0.073288 0.227250 0.000010 0.000010 0.658469 0.000010 0.040962
HGDP01384 0.021937 0.378830 0.000010 0.000010 0.528241 0.000010 0.070962
HGDP01385 0.016613 0.375372 0.000010 0.000010 0.571278 0.000010 0.036707
HGDP01386 0.014157 0.394805 0.000010 0.000010 0.578350 0.000010 0.012657
HGDP01387 0.016754 0.430578 0.000010 0.000010 0.549133 0.000010 0.003505
HGDP01380 0.024611 0.051063 0.000010 0.000010 0.924286 0.000010 0.000010
HGDP01381 0.018747 0.381434 0.000010 0.000010 0.555306 0.000010 0.044483
HGDP00899 0.057035 0.222101 0.000010 0.000010 0.673654 0.000010 0.047180
HGDP00898 0.064764 0.234073 0.000010 0.000010 0.632808 0.000010 0.068324
HGDP01329 0.000011 0.000010 0.000010 0.000010 0.000010 0.000010 0.999939
HGDP01031 0.000010 0.000010 0.851690 0.148260 0.000010 0.000010 0.000010
HGDP01315 0.000019 0.000010 0.000010 0.000010 0.000010 0.016926 0.983015
HGDP00568 0.000012 0.267068 0.009429 0.004541 0.718929 0.000011 0.000010
HGDP00748 0.007044 0.000010 0.000010 0.000010 0.000010 0.000010 0.992906
HGDP01405 0.000010 0.002138 0.835951 0.148414 0.000010 0.000997 0.012480
HGDP01268 0.000010 0.000010 0.241821 0.000010 0.749901 0.008238 0.000010
HGDP01388 0.032153 0.340555 0.000010 0.000010 0.575262 0.000010 0.052001
HGDP01319 0.000010 0.000013 0.000010 0.000010 0.000010 0.024037 0.975910
HGDP01318 0.000015 0.000010 0.000010 0.000010 0.000010 0.025356 0.974589
HGDP01043 0.998570 0.000010 0.000010 0.000010 0.000010 0.000010 0.001380
HGDP01041 0.965510 0.000010 0.000010 0.000010 0.000010 0.000010 0.034440
HGDP01047 0.947896 0.000010 0.000010 0.000010 0.000010 0.000010 0.052054
HGDP01280 0.000012 0.000010 0.227508 0.000010 0.766601 0.005850 0.000010
HGDP01044 0.991248 0.000010 0.000010 0.000010 0.000010 0.000010 0.008702
HGDP01404 0.027903 0.414332 0.000010 0.000010 0.508990 0.000010 0.048746
HGDP01161 0.008173 0.132387 0.000010 0.000010 0.858012 0.001397 0.000010
HGDP00969 0.085161 0.109049 0.000010 0.000010 0.139065 0.000010 0.666695
HGDP00968 0.088687 0.079106 0.000010 0.000010 0.087049 0.000010 0.745129
HGDP01164 0.007393 0.144700 0.000010 0.000010 0.847867 0.000010 0.000010
HGDP01166 0.017478 0.156830 0.000010 0.000010 0.825652 0.000010 0.000010
HGDP01167 0.013345 0.195996 0.000013 0.000010 0.790614 0.000012 0.000010
HGDP00963 0.082732 0.060957 0.000010 0.000010 0.051697 0.000010 0.804584
HGDP00962 0.097459 0.069366 0.000010 0.000010 0.047014 0.000010 0.786131
HGDP00961 0.075074 0.082012 0.000010 0.000010 0.045214 0.000010 0.797670
HGDP00960 0.091042 0.062222 0.000010 0.000010 0.039033 0.000010 0.807673
HGDP00967 0.086248 0.076631 0.000010 0.000010 0.041307 0.000010 0.795785
HGDP00966 0.085593 0.061662 0.000010 0.000010 0.083016 0.000010 0.769700
HGDP00965 0.090702 0.075892 0.000010 0.000010 0.046771 0.000010 0.786604
HGDP00964 0.084990 0.084013 0.000010 0.000010 0.060922 0.000010 0.770045
HGDP00800 0.035064 0.182729 0.000010 0.000010 0.782167 0.000010 0.000010
HGDP00802 0.039941 0.196823 0.000010 0.000010 0.763196 0.000010 0.000010
HGDP00803 0.034907 0.192475 0.000010 0.000010 0.772578 0.000010 0.000010
HGDP00804 0.042256 0.173173 0.000010 0.000010 0.784531 0.000010 0.000010
HGDP00805 0.030933 0.194686 0.000010 0.000010 0.774340 0.000011 0.000010
HGDP00806 0.023548 0.179632 0.000010 0.000010 0.796780 0.000010 0.000010
HGDP00807 0.023532 0.202310 0.000010 0.000010 0.774118 0.000010 0.000010
HGDP00808 0.043270 0.192553 0.000010 0.000010 0.764127 0.000019 0.000010
HGDP01285 0.000010 0.000010 0.999940 0.000010 0.000010 0.000010 0.000010
HGDP00912 0.000011 0.000010 0.982652 0.017297 0.000010 0.000010 0.000010
HGDP00737 0.000010 0.201021 0.072024 0.000010 0.725962 0.000964 0.000010
HGDP00913 0.000010 0.000010 0.993436 0.006514 0.000010 0.000010 0.000010
HGDP00910 0.000010 0.000010 0.993190 0.006295 0.000010 0.000475 0.000010
HGDP01419 0.000012 0.010245 0.846211 0.133234 0.000010 0.000010 0.010277
HGDP00346 0.009602 0.691535 0.000010 0.000010 0.120563 0.022556 0.155724
HGDP00697 0.000010 0.216957 0.058341 0.000010 0.724662 0.000010 0.000010
HGDP00696 0.000010 0.224100 0.058730 0.007145 0.709499 0.000507 0.000010
HGDP00691 0.003684 0.207041 0.086077 0.000010 0.703168 0.000010 0.000010
HGDP00690 0.000010 0.204141 0.064893 0.000010 0.720249 0.007267 0.003430
HGDP00341 0.023107 0.698439 0.000010 0.000010 0.115917 0.022145 0.140372
HGDP00517 0.030950 0.163415 0.000010 0.000010 0.805595 0.000010 0.000010
HGDP01282 0.004542 0.000010 0.211115 0.000010 0.771893 0.003397 0.009033
HGDP00699 0.000010 0.221432 0.075741 0.002511 0.700286 0.000010 0.000010
HGDP00514 0.035931 0.174053 0.000010 0.000010 0.789975 0.000010 0.000010
HGDP00515 0.026915 0.168496 0.000010 0.000010 0.804549 0.000010 0.000010
HGDP00914 0.000013 0.000010 0.988543 0.009640 0.000010 0.001774 0.000010
HGDP00512 0.026107 0.159292 0.000010 0.000010 0.814561 0.000010 0.000010
HGDP00915 0.000121 0.000010 0.977290 0.012827 0.000010 0.006119 0.003623
HGDP00513 0.030502 0.177633 0.000010 0.000010 0.791824 0.000010 0.000010
HGDP00668 0.013144 0.000010 0.000010 0.000010 0.986806 0.000010 0.000010
HGDP00669 0.006995 0.000010 0.000010 0.000010 0.992955 0.000010 0.000010
HGDP00741 0.000010 0.220703 0.082278 0.003632 0.685549 0.000010 0.007818
HGDP00740 0.000010 0.218482 0.064172 0.000010 0.715355 0.000010 0.001961
HGDP00747 0.011953 0.000010 0.000010 0.000010 0.000010 0.000688 0.987319
HGDP00746 0.000010 0.195395 0.088828 0.000010 0.714015 0.001732 0.000010
HGDP00745 0.000010 0.238149 0.067654 0.005144 0.677232 0.002975 0.008836
HGDP00744 0.000010 0.181739 0.144540 0.007352 0.659666 0.006683 0.000010
HGDP00661 0.000010 0.000010 0.000010 0.000010 0.000010 0.774281 0.225669
HGDP00662 0.000010 0.000010 0.000010 0.000010 0.000010 0.755445 0.244505
HGDP00458 0.000010 0.000010 0.342869 0.657081 0.000010 0.000010 0.000010
HGDP00664 0.000010 0.000010 0.000010 0.000010 0.000010 0.781269 0.218681
HGDP00665 0.003247 0.000010 0.000010 0.000010 0.989733 0.005386 0.001603
HGDP00666 0.000010 0.000010 0.000010 0.000010 0.999940 0.000010 0.000010
HGDP00650 0.000010 0.097220 0.064167 0.000997 0.824956 0.000010 0.012640
HGDP00457 0.000010 0.000010 0.344235 0.655715 0.000010 0.000010 0.000010
HGDP00528 0.025151 0.183599 0.000010 0.000010 0.787788 0.003432 0.000010
HGDP01322 0.000014 0.000013 0.000010 0.000010 0.000010 0.020118 0.979824
HGDP00456 0.000010 0.000010 0.000010 0.999940 0.000010 0.000010 0.000010
HGDP00112 0.045346 0.268424 0.000010 0.000010 0.172830 0.000010 0.513369
HGDP00110 0.028612 0.345235 0.000010 0.000010 0.190382 0.000010 0.435741
HGDP00116 0.048664 0.282542 0.000010 0.000010 0.187490 0.000010 0.481273
HGDP00445 0.032902 0.677894 0.000010 0.000010 0.133330 0.017032 0.138821
HGDP00115 0.041876 0.306605 0.000010 0.000010 0.162023 0.000304 0.489173
HGDP00449 0.000010 0.000010 0.000013 0.999937 0.000010 0.000010 0.000010
HGDP00118 0.027198 0.338973 0.000010 0.000010 0.177256 0.000010 0.456543
HGDP00119 0.039366 0.352986 0.000010 0.000010 0.197281 0.006111 0.404235
HGDP00947 0.082062 0.075559 0.000010 0.000010 0.073102 0.000010 0.769248
HGDP01051 0.914758 0.010415 0.000010 0.000010 0.000010 0.000010 0.074787
HGDP01323 0.000015 0.000011 0.000010 0.000010 0.000010 0.020623 0.979320
HGDP00519 0.032631 0.194513 0.000010 0.000010 0.772814 0.000012 0.000010
HGDP00288 0.000010 0.999940 0.000010 0.000010 0.000010 0.000010 0.000010
HGDP01299 0.043066 0.282935 0.000010 0.000010 0.218765 0.000010 0.455203
HGDP00598 0.000010 0.244011 0.016523 0.011550 0.722543 0.005353 0.000010
HGDP00599 0.000011 0.255982 0.009955 0.000010 0.734021 0.000011 0.000010
HGDP00597 0.000010 0.242704 0.016054 0.000012 0.737988 0.003222 0.000010
HGDP00594 0.000010 0.246175 0.020769 0.000010 0.733016 0.000010 0.000010
HGDP00595 0.000010 0.261591 0.007298 0.000010 0.726226 0.004855 0.000010
HGDP00590 0.000010 0.245372 0.000010 0.003367 0.751221 0.000010 0.000010
HGDP00591 0.000011 0.247081 0.020527 0.002222 0.730137 0.000012 0.000010
HGDP00068 0.003289 0.697160 0.000010 0.000010 0.216605 0.018184 0.064741
