0.229994 0.281115 0.000010 0.077679 0.313160 0.000882 0.097159
0.000345 0.000514 0.000295 0.000275 0.000532 0.539812 0.458229
0.001094 0.000363 0.000248 0.000530 0.076362 0.509014 0.412389
0.222002 0.355753 0.143666 0.010075 0.202043 0.000264 0.066197
0.006672 0.009740 0.000205 0.001050 0.088946 0.500975 0.392411
0.176060 0.262388 0.000010 0.078600 0.294705 0.100305 0.087933
0.250814 0.292997 0.000010 0.077455 0.277270 0.000865 0.100590
0.001830 0.002698 0.001091 0.000010 0.106498 0.506932 0.380941
0.000256 0.000337 0.350275 0.648101 0.000336 0.000396 0.000298
0.219938 0.290992 0.000010 0.080968 0.314409 0.000980 0.092702
0.014290 0.000420 0.000586 0.000485 0.092833 0.509337 0.382050
0.224229 0.282603 0.000088 0.085657 0.310571 0.000934 0.095917
0.202275 0.294838 0.000010 0.065641 0.238323 0.094502 0.104411
0.212448 0.313240 0.071310 0.000010 0.366704 0.000407 0.035881
0.213853 0.315794 0.060192 0.000010 0.369643 0.000500 0.040008
0.226454 0.333640 0.066365 0.000010 0.328940 0.000158 0.044433
0.213403 0.321296 0.060492 0.000010 0.360499 0.000642 0.043658
0.237931 0.316936 0.049287 0.000010 0.346041 0.000010 0.049785
0.213583 0.332330 0.076071 0.000010 0.376821 0.000425 0.000761
0.230055 0.331090 0.061838 0.000010 0.325917 0.000208 0.050882
0.170893 0.264243 0.000010 0.068051 0.305830 0.106486 0.084488
0.180397 0.263603 0.000010 0.078284 0.275673 0.105588 0.096444
0.219802 0.323504 0.065696 0.000010 0.349887 0.000521 0.040580
0.171810 0.264491 0.000010 0.072403 0.316953 0.095605 0.078728
0.167197 0.261592 0.000010 0.072376 0.323034 0.101112 0.074680
0.227362 0.349648 0.134320 0.013497 0.206581 0.000222 0.068370
0.205392 0.298558 0.000010 0.077314 0.302893 0.038985 0.076848
0.179906 0.293754 0.208859 0.065651 0.197950 0.001092 0.052787
0.000091 0.399636 0.000365 0.000675 0.000016 0.599208 0.000010
0.231892 0.339737 0.146966 0.015872 0.182022 0.000132 0.083379
0.000611 0.000497 0.000466 0.000603 0.071525 0.503244 0.423054
0.184472 0.270338 0.000010 0.064982 0.290244 0.101892 0.088062
0.224460 0.367928 0.165419 0.001483 0.239117 0.000431 0.001163
0.187559 0.268157 0.000010 0.067265 0.335562 0.070176 0.071271
0.000403 0.000484 0.000324 0.000287 0.000531 0.530719 0.467253
0.218165 0.280474 0.000010 0.083701 0.324453 0.001075 0.092122
0.255071 0.386862 0.008376 0.106773 0.242306 0.000382 0.000229
0.100093 0.132109 0.000596 0.000531 0.200747 0.303948 0.261977
0.215426 0.348468 0.170668 0.005254 0.199837 0.000535 0.059814
0.204322 0.339339 0.166187 0.012845 0.218302 0.000558 0.058447
0.001655 0.000715 0.000417 0.000382 0.025499 0.500060 0.471273
0.004775 0.004438 0.000128 0.000450 0.026251 0.498806 0.465152
0.000221 0.000285 0.565100 0.423566 0.000635 0.000577 0.009615
0.000131 0.000209 0.462794 0.535880 0.000236 0.000503 0.000247
0.000177 0.000313 0.567214 0.431245 0.000360 0.000461 0.000231
0.000238 0.000325 0.539169 0.459265 0.000301 0.000444 0.000258
0.000165 0.000546 0.351048 0.627999 0.000539 0.000665 0.019038
0.000354 0.000494 0.000321 0.000317 0.000412 0.522747 0.475355
0.013172 0.023153 0.000463 0.000412 0.031943 0.489667 0.441190
0.119000 0.173546 0.000400 0.000638 0.213149 0.260456 0.232812
0.442451 0.000090 0.000547 0.000333 0.088173 0.468316 0.000090
0.446844 0.000058 0.000564 0.000618 0.074867 0.477009 0.000041
0.423868 0.000062 0.000635 0.000445 0.126964 0.447980 0.000046
0.416680 0.000042 0.000660 0.000688 0.114326 0.467557 0.000046
0.332805 0.000134 0.089888 0.001644 0.219911 0.355507 0.000109
0.386848 0.000069 0.000736 0.000649 0.179082 0.432574 0.000041
0.395115 0.000440 0.050449 0.003181 0.126005 0.424800 0.000010
0.384478 0.000145 0.016551 0.000114 0.176983 0.421700 0.000029
0.000241 0.000352 0.395223 0.603123 0.000341 0.000423 0.000298
0.000512 0.032285 0.000367 0.000456 0.000790 0.505853 0.459736
0.015310 0.000941 0.000262 0.000767 0.022124 0.496722 0.463875
0.000470 0.000504 0.000347 0.000416 0.003542 0.512078 0.482644
0.001143 0.015657 0.000379 0.000661 0.003212 0.502877 0.476071
0.000335 0.027399 0.000453 0.000688 0.001794 0.498858 0.470473
0.000184 0.031239 0.000709 0.000296 0.001299 0.502607 0.463665
0.000346 0.000479 0.000290 0.000358 0.000370 0.513980 0.484178
0.014074 0.022487 0.000311 0.000819 0.002214 0.487906 0.472189
0.000240 0.000324 0.000547 0.000348 0.000289 0.508117 0.490135
0.000248 0.008735 0.000010 0.001051 0.076579 0.508535 0.404842
0.015601 0.000634 0.000514 0.000410 0.049470 0.511391 0.421981
0.000258 0.000246 0.423060 0.575394 0.000317 0.000539 0.000187
0.000233 0.000076 0.420648 0.537068 0.002740 0.039113 0.000122
0.000222 0.000309 0.421519 0.576901 0.000341 0.000433 0.000275
0.000456 0.097706 0.000745 0.000311 0.000362 0.482050 0.418371
0.000238 0.000355 0.449351 0.549008 0.000338 0.000410 0.000300
0.400418 0.000010 0.000701 0.000131 0.102936 0.495679 0.000124
0.000140 0.000180 0.441823 0.507590 0.000288 0.049670 0.000310
0.000306 0.001064 0.416043 0.553209 0.028259 0.000560 0.000560
0.000250 0.000186 0.329325 0.614648 0.000208 0.050776 0.004607
0.000368 0.000519 0.000302 0.000355 0.000469 0.516673 0.481314
0.221631 0.369909 0.197881 0.000010 0.209219 0.000457 0.000892
0.215280 0.326176 0.157811 0.040225 0.193864 0.000347 0.066297
0.249337 0.381394 0.100484 0.000010 0.204161 0.000337 0.064278
0.217382 0.381734 0.220418 0.000093 0.178422 0.000430 0.001521
0.251260 0.391027 0.091539 0.000088 0.181708 0.000010 0.084368
0.000171 0.000360 0.339838 0.612683 0.000299 0.046209 0.000440
0.229527 0.356446 0.096085 0.000010 0.262201 0.000400 0.055331
0.000091 0.000186 0.419136 0.529119 0.000360 0.050874 0.000235
0.212904 0.358511 0.099464 0.000075 0.268002 0.000564 0.060481
0.234903 0.376761 0.109679 0.000010 0.214971 0.000341 0.063334
0.000091 0.436879 0.000485 0.000570 0.000010 0.561954 0.000010
0.002711 0.000614 0.000420 0.000249 0.024660 0.498081 0.473264
0.000142 0.402286 0.006836 0.004370 0.000010 0.585530 0.000826
0.013268 0.034486 0.000205 0.000923 0.000010 0.482419 0.468690
0.000190 0.039015 0.000369 0.000768 0.001343 0.503065 0.455250
0.232950 0.295388 0.000010 0.101361 0.284520 0.000688 0.085084
0.212188 0.309692 0.000010 0.074850 0.284414 0.048242 0.070603
0.010395 0.022770 0.000010 0.001030 0.002671 0.494093 0.469032
0.222988 0.289940 0.000010 0.109892 0.287141 0.000872 0.089156
0.167322 0.240785 0.000010 0.057717 0.277667 0.137825 0.118675
0.208457 0.298306 0.000170 0.075953 0.296250 0.043236 0.077629
0.000074 0.410796 0.000393 0.000615 0.000017 0.588091 0.000015
0.200524 0.282119 0.000010 0.122647 0.308899 0.000920 0.084881
0.001543 0.000611 0.000695 0.000318 0.016029 0.509634 0.471169
0.000201 0.030664 0.000159 0.000676 0.001440 0.499005 0.467854
0.002066 0.397809 0.000584 0.000637 0.000025 0.598844 0.000036
0.000111 0.026314 0.000828 0.000331 0.002482 0.508499 0.461434
0.000959 0.000608 0.000199 0.000533 0.034222 0.504665 0.458815
0.223013 0.259699 0.000010 0.089900 0.287526 0.001054 0.138798
0.014575 0.023550 0.000249 0.000815 0.007568 0.488636 0.464608
0.016876 0.019511 0.000010 0.001171 0.004805 0.490483 0.467144
0.000816 0.000593 0.000448 0.000405 0.044109 0.501272 0.452358
0.008839 0.000931 0.000279 0.000469 0.010701 0.497758 0.481022
0.000348 0.000480 0.000295 0.000360 0.000395 0.513437 0.484685
0.000256 0.000268 0.535121 0.463376 0.000270 0.000450 0.000260
0.235223 0.367842 0.162536 0.000110 0.175158 0.000427 0.058704
0.221813 0.308027 0.000010 0.087036 0.297236 0.000804 0.085074
0.230144 0.352289 0.148492 0.000145 0.198228 0.000445 0.070258
0.197045 0.290656 0.000582 0.130152 0.273499 0.036967 0.071097
0.220012 0.344123 0.158782 0.005375 0.199412 0.000514 0.071782
0.232592 0.307748 0.000070 0.065911 0.258543 0.038358 0.096778
0.209589 0.343150 0.143803 0.018069 0.219886 0.000485 0.065019
0.188023 0.291655 0.000143 0.109057 0.305615 0.051049 0.054458
0.093146 0.319178 0.264388 0.013812 0.300678 0.000631 0.008168
0.189474 0.266775 0.000010 0.066500 0.334626 0.073947 0.068669
0.186083 0.289219 0.000010 0.087899 0.318290 0.053798 0.064701
0.203289 0.281622 0.000010 0.063993 0.310985 0.064861 0.075240
0.181189 0.271575 0.000010 0.063071 0.325198 0.078460 0.080496
0.268459 0.394272 0.084876 0.000010 0.178992 0.000010 0.073381
0.226079 0.366246 0.103396 0.000010 0.246368 0.000472 0.057430
0.203673 0.264976 0.000010 0.093986 0.340614 0.000914 0.095827
0.007313 0.022562 0.000072 0.001226 0.025677 0.486178 0.456971
0.000267 0.000363 0.000416 0.000336 0.000464 0.511602 0.486551
0.000284 0.000222 0.555268 0.443444 0.000246 0.000327 0.000208
0.000064 0.433478 0.000200 0.000789 0.000034 0.565425 0.000010
0.000062 0.434496 0.000438 0.000518 0.000010 0.564466 0.000010
0.000111 0.433626 0.000437 0.000627 0.000010 0.565178 0.000010
0.000109 0.431306 0.000010 0.010851 0.000010 0.557704 0.000010
0.000069 0.434969 0.000478 0.000565 0.000010 0.563891 0.000018
0.174288 0.263702 0.000010 0.063863 0.292534 0.112628 0.092975
0.000076 0.437967 0.000380 0.000719 0.000029 0.560812 0.000018
0.000110 0.435005 0.000299 0.000702 0.000010 0.563863 0.000010
0.000532 0.041007 0.000223 0.000701 0.000126 0.493709 0.463703
0.122476 0.167199 0.000451 0.000813 0.230087 0.265625 0.213350
0.217767 0.350770 0.094637 0.000010 0.298575 0.000438 0.037802
0.108299 0.149737 0.000235 0.000989 0.214775 0.285967 0.239998
0.002100 0.018969 0.000389 0.000701 0.039902 0.495057 0.442882
0.067362 0.101393 0.000788 0.000423 0.218911 0.352936 0.258187
0.000270 0.000375 0.431084 0.567281 0.000345 0.000381 0.000264
0.121110 0.174961 0.001276 0.018515 0.216645 0.248212 0.219281
0.011340 0.020985 0.000296 0.000680 0.024042 0.490320 0.452338
0.192163 0.258731 0.000779 0.205039 0.282579 0.000950 0.059759
0.000247 0.000360 0.000336 0.000517 0.000292 0.510317 0.487930
0.000241 0.000205 0.505588 0.492919 0.000317 0.000505 0.000223
0.000577 0.180745 0.222519 0.296486 0.298619 0.000548 0.000505
0.189724 0.298374 0.000010 0.089296 0.306212 0.048717 0.067667
0.217580 0.305837 0.000010 0.104497 0.299167 0.000811 0.072098
0.186046 0.284139 0.000010 0.136386 0.293594 0.036440 0.063386
0.224876 0.309899 0.000010 0.087113 0.302678 0.000793 0.074630
0.203023 0.290393 0.000010 0.111063 0.280991 0.039562 0.074958
0.189516 0.294663 0.000010 0.101403 0.313496 0.044749 0.056164
0.000387 0.000706 0.000656 0.000278 0.196338 0.482417 0.319218
0.003163 0.033862 0.000538 0.000510 0.009658 0.489421 0.462847
0.000220 0.036431 0.000358 0.000798 0.000735 0.492454 0.469003
0.196125 0.327791 0.336597 0.004885 0.079253 0.000541 0.054809
0.041717 0.024684 0.000593 0.000170 0.010902 0.477388 0.444546
0.000588 0.012862 0.000529 0.000498 0.063934 0.501889 0.419701
0.216582 0.330351 0.363189 0.000517 0.002576 0.000497 0.086288
0.177628 0.305224 0.366822 0.009529 0.076950 0.000557 0.063289
0.230575 0.337730 0.328991 0.000010 0.002476 0.000010 0.100207
0.236127 0.342943 0.305768 0.015734 0.004470 0.000374 0.094584
0.189169 0.312218 0.343948 0.000317 0.095490 0.000297 0.058561
0.187021 0.299795 0.308167 0.041273 0.092413 0.000392 0.070938
0.245275 0.326389 0.012107 0.031882 0.288845 0.000837 0.094664
0.226384 0.307069 0.024638 0.019436 0.346217 0.000776 0.075480
0.008599 0.020673 0.000532 0.000580 0.030490 0.488508 0.450618
0.000069 0.000661 0.401862 0.552814 0.042535 0.001170 0.000890
0.000132 0.000169 0.346714 0.637674 0.000289 0.014782 0.000240
0.000339 0.000550 0.000295 0.000354 0.000475 0.515287 0.482700
0.000353 0.000298 0.407652 0.573966 0.000305 0.016827 0.000600
0.000249 0.000254 0.393204 0.604086 0.000449 0.001448 0.000311
0.000240 0.035352 0.000377 0.000509 0.001256 0.499285 0.462981
0.240141 0.355780 0.095280 0.000010 0.248727 0.000106 0.059957
0.205829 0.334916 0.094948 0.000010 0.325674 0.000010 0.038614
0.231319 0.354086 0.090248 0.000010 0.266730 0.000210 0.057396
0.212524 0.352327 0.103196 0.000010 0.291613 0.000209 0.040120
0.247764 0.362201 0.088808 0.000010 0.241788 0.000120 0.059309
0.239401 0.363724 0.092939 0.000089 0.243818 0.000216 0.059813
0.234695 0.360758 0.087847 0.000010 0.269812 0.000168 0.046710
0.221615 0.351831 0.100906 0.000010 0.271455 0.000204 0.053979
0.221577 0.343177 0.071847 0.000025 0.313439 0.000466 0.049468
0.156503 0.227469 0.000010 0.058202 0.302174 0.141822 0.113820
0.220304 0.338300 0.085861 0.000010 0.354205 0.000411 0.000910
0.217442 0.325961 0.071598 0.000121 0.335612 0.000500 0.048764
0.216014 0.331444 0.070915 0.000092 0.337066 0.000490 0.043980
0.245096 0.364738 0.076207 0.000010 0.256521 0.000061 0.057366
0.229552 0.363132 0.105123 0.000021 0.300625 0.000239 0.001309
0.000567 0.000373 0.000931 0.000302 0.192289 0.479286 0.326251
0.000772 0.004009 0.000372 0.001403 0.179008 0.485724 0.328713
0.014871 0.008973 0.000677 0.000600 0.174491 0.470998 0.329389
0.000128 0.000158 0.000372 0.000532 0.208062 0.475644 0.315105
0.020129 0.000537 0.000449 0.000411 0.178266 0.464077 0.336130
0.052957 0.073629 0.000421 0.000660 0.279423 0.357468 0.235442
0.000033 0.032202 0.000615 0.000438 0.001563 0.496580 0.468569
0.001711 0.016555 0.000431 0.000774 0.014516 0.500842 0.465171
0.000319 0.000492 0.000381 0.000354 0.000374 0.510441 0.487638
0.000567 0.024576 0.000431 0.000374 0.001489 0.498524 0.474039
0.006362 0.018349 0.000010 0.001080 0.016086 0.498717 0.459397
0.000336 0.000424 0.000365 0.000411 0.000324 0.514742 0.483398
0.000497 0.029662 0.000432 0.000482 0.000706 0.499943 0.468277
0.000132 0.025295 0.000445 0.000628 0.001034 0.501099 0.471368
0.210010 0.300907 0.053624 0.000010 0.395473 0.005524 0.034453
0.221089 0.327424 0.070097 0.000010 0.333964 0.000941 0.046474
0.154679 0.229320 0.000010 0.051856 0.293748 0.149338 0.121049
0.003168 0.001233 0.000283 0.000299 0.076225 0.482181 0.436611
0.154160 0.224794 0.000010 0.061575 0.288858 0.146510 0.124093
0.146584 0.262392 0.000301 0.000762 0.268882 0.188560 0.132519
0.000045 0.001424 0.000364 0.000500 0.256646 0.447636 0.293384
0.014210 0.021873 0.000010 0.000990 0.008875 0.494405 0.459638
0.032583 0.000224 0.000322 0.000522 0.000944 0.495228 0.470177
0.034608 0.000527 0.000406 0.000568 0.000868 0.486771 0.476252
0.013030 0.001296 0.000217 0.000591 0.040327 0.490229 0.454309
0.000323 0.027652 0.000228 0.000756 0.000847 0.505181 0.465012
0.000289 0.000355 0.000380 0.000447 0.000333 0.504379 0.493818
0.003877 0.000611 0.000267 0.000425 0.035345 0.509970 0.449504
0.014607 0.000982 0.000245 0.000708 0.028235 0.501886 0.453337
0.001084 0.000525 0.000231 0.000594 0.038127 0.512610 0.446830
0.215838 0.354008 0.157277 0.001103 0.230330 0.000519 0.040924
0.214462 0.353913 0.142614 0.009094 0.213552 0.000520 0.065846
0.225563 0.362191 0.145498 0.001910 0.199904 0.000589 0.064345
0.245174 0.365264 0.084500 0.000010 0.246384 0.000310 0.058358
0.225617 0.350326 0.098807 0.000058 0.273126 0.000295 0.051772
0.226469 0.354802 0.084636 0.000088 0.272105 0.000073 0.061827
0.225592 0.359472 0.090239 0.000010 0.275887 0.000010 0.048790
0.221116 0.347708 0.094587 0.000083 0.285761 0.000424 0.050321
0.005947 0.020666 0.000704 0.000241 0.014562 0.496048 0.461831
0.000333 0.000425 0.000319 0.000366 0.000428 0.520845 0.477284
0.226739 0.375462 0.152519 0.005330 0.238733 0.000236 0.000982
0.234152 0.372359 0.181085 0.000010 0.211217 0.000452 0.000725
0.231089 0.325113 0.058543 0.000010 0.342178 0.000386 0.042681
0.117073 0.171402 0.000010 0.021100 0.246381 0.235408 0.208627
0.099030 0.130818 0.003580 0.014470 0.215054 0.296202 0.240846
0.072590 0.143605 0.000555 0.000531 0.243554 0.302909 0.236257
0.074357 0.129780 0.000462 0.000583 0.248773 0.306993 0.239052
0.249456 0.231737 0.000278 0.000495 0.282558 0.000571 0.234904
0.000213 0.000336 0.501324 0.497097 0.000366 0.000433 0.000232
0.108421 0.154660 0.000010 0.018319 0.218261 0.264512 0.235816
0.092234 0.149466 0.000638 0.000637 0.233565 0.292595 0.230865
0.077691 0.130918 0.000345 0.000843 0.261998 0.289887 0.238320
0.000191 0.000215 0.528999 0.469505 0.000287 0.000558 0.000246
0.000238 0.000307 0.472129 0.526326 0.000271 0.000439 0.000290
0.221059 0.333008 0.067456 0.000010 0.377130 0.000558 0.000778
0.000127 0.000187 0.525354 0.473641 0.000190 0.000295 0.000206
0.215453 0.298851 0.000010 0.120787 0.297307 0.000774 0.066817
0.013965 0.017368 0.000860 0.000297 0.202418 0.455253 0.309841
0.000200 0.000303 0.000331 0.000481 0.139205 0.523059 0.336421
0.203581 0.295022 0.052538 0.000010 0.406567 0.000558 0.041723
0.269418 0.395518 0.093929 0.000010 0.176840 0.000309 0.063976
0.230568 0.354678 0.100896 0.000010 0.251492 0.000498 0.061859
0.216841 0.362251 0.108108 0.000010 0.311784 0.000335 0.000672
0.228965 0.366536 0.115935 0.000010 0.217769 0.000451 0.070333
0.278842 0.401038 0.088229 0.000010 0.147770 0.000438 0.083672
0.234288 0.363634 0.111933 0.000010 0.228617 0.000425 0.061094
0.280365 0.391773 0.088746 0.000010 0.152701 0.000446 0.085959
0.237006 0.356512 0.113208 0.000010 0.217993 0.000583 0.074689
0.103587 0.153967 0.122472 0.344137 0.167669 0.056681 0.051488
0.150117 0.232130 0.000144 0.157865 0.288698 0.096518 0.074529
0.199876 0.284545 0.000230 0.117091 0.290046 0.036078 0.072135
0.163978 0.229859 0.008090 0.198397 0.249794 0.072171 0.077710
0.215836 0.301624 0.000196 0.091382 0.313826 0.000667 0.076468
0.190577 0.275703 0.025665 0.167619 0.338862 0.000932 0.000642
0.146700 0.248698 0.000010 0.067555 0.266783 0.155535 0.114719
0.200435 0.295727 0.000010 0.079583 0.314101 0.046819 0.063324
0.167868 0.267602 0.000010 0.067599 0.302571 0.107246 0.087104
0.002628 0.011603 0.000506 0.000464 0.075755 0.500145 0.408899
0.064762 0.000102 0.000533 0.000431 0.001423 0.485439 0.447310
0.003210 0.011911 0.000395 0.000601 0.076732 0.493637 0.413513
0.003222 0.015338 0.000518 0.000403 0.086255 0.491503 0.402761
0.223841 0.295913 0.000010 0.119189 0.359765 0.000658 0.000624
0.190018 0.273440 0.000010 0.072649 0.239865 0.112382 0.111636
0.055743 0.000010 0.000515 0.000456 0.001252 0.486720 0.455304
0.254063 0.352980 0.047666 0.001257 0.342999 0.000560 0.000474
0.218676 0.315779 0.069250 0.000055 0.351070 0.000452 0.044717
0.000187 0.000893 0.000373 0.000380 0.100662 0.483922 0.413582
0.000350 0.000496 0.000280 0.000377 0.000465 0.511910 0.486123
0.200272 0.294534 0.000010 0.085212 0.299151 0.050734 0.070088
0.001845 0.031646 0.000490 0.000427 0.079967 0.476492 0.409133
0.005469 0.029144 0.000683 0.000217 0.058220 0.478929 0.427338
0.043778 0.046318 0.000728 0.000119 0.019419 0.460590 0.429047
0.039010 0.053561 0.000501 0.000577 0.026874 0.460114 0.419364
0.161094 0.257989 0.000010 0.077788 0.317088 0.108725 0.077307
0.000984 0.016260 0.000666 0.000308 0.037309 0.500813 0.443660
0.156340 0.285041 0.000010 0.041206 0.376157 0.130294 0.010952
0.181015 0.261793 0.000010 0.066881 0.296106 0.105185 0.089010
0.218852 0.324826 0.070804 0.000010 0.336151 0.000031 0.049325
0.220703 0.281927 0.000010 0.102942 0.297121 0.000982 0.096315
0.206046 0.305385 0.000010 0.113116 0.374206 0.000680 0.000557
0.001557 0.000574 0.000274 0.000467 0.054477 0.499605 0.443047
0.000325 0.000370 0.000469 0.000416 0.076898 0.516090 0.405432
0.000160 0.039412 0.000149 0.000555 0.002934 0.499320 0.457470
0.185300 0.270250 0.000010 0.066123 0.328506 0.084244 0.065568
0.162103 0.231337 0.092147 0.192838 0.221684 0.035314 0.064579
0.200257 0.281765 0.000010 0.065005 0.305812 0.069214 0.077937
0.212714 0.292325 0.000010 0.139300 0.281768 0.000787 0.073096
0.000370 0.000488 0.000256 0.000391 0.000375 0.510872 0.487247
0.225051 0.338822 0.346010 0.000115 0.013841 0.000010 0.076152
0.189250 0.319860 0.341946 0.000096 0.085214 0.000384 0.063250
0.011262 0.015770 0.000722 0.000281 0.052660 0.497578 0.421727
0.000262 0.000350 0.395729 0.602633 0.000330 0.000433 0.000263
0.000281 0.000319 0.452624 0.545755 0.000300 0.000445 0.000275
0.437038 0.000074 0.000776 0.000491 0.093933 0.467630 0.000058
0.437426 0.000111 0.000770 0.000176 0.095781 0.465662 0.000074
0.116469 0.170268 0.000108 0.021603 0.242947 0.239092 0.209513
0.000266 0.000370 0.459474 0.538886 0.000329 0.000410 0.000266
0.593833 0.000019 0.000018 0.000022 0.000074 0.405901 0.000131
0.584845 0.000010 0.000026 0.000137 0.000057 0.414846 0.000079
0.602024 0.000015 0.000010 0.000015 0.000010 0.397762 0.000163
0.600942 0.000016 0.000010 0.000010 0.000121 0.398859 0.000042
0.462444 0.000010 0.000504 0.000357 0.054715 0.481873 0.000098
0.448522 0.000110 0.000444 0.000541 0.088608 0.461737 0.000039
0.452654 0.000039 0.000609 0.000275 0.062873 0.483405 0.000145
0.425383 0.000109 0.019694 0.000265 0.103657 0.450883 0.000010
0.212166 0.297208 0.060680 0.000010 0.400205 0.000555 0.029175
0.000586 0.000411 0.454230 0.406429 0.000643 0.000550 0.137152
0.009341 0.001435 0.000321 0.000508 0.041671 0.502252 0.444472
0.000340 0.000434 0.000311 0.000381 0.000466 0.510743 0.487324
0.000028 0.039533 0.000588 0.000442 0.001137 0.509440 0.448831
0.000289 0.000375 0.000395 0.000474 0.000436 0.515144 0.482887
0.000142 0.029121 0.000016 0.000883 0.002003 0.494797 0.473037
0.002225 0.020595 0.000097 0.000943 0.021328 0.498639 0.456172
0.000396 0.000447 0.000281 0.000351 0.000436 0.527277 0.470812
0.000010 0.040835 0.000208 0.000606 0.002076 0.513812 0.442453
0.000851 0.020557 0.000714 0.000375 0.028475 0.504108 0.444921
0.001273 0.026233 0.000508 0.000600 0.029381 0.504777 0.437227
0.188564 0.326449 0.338119 0.000010 0.083406 0.000572 0.062880
0.233624 0.263901 0.000910 0.025080 0.391744 0.000665 0.084076
0.000568 0.322673 0.449927 0.050706 0.002424 0.000415 0.173288
0.184458 0.314258 0.348094 0.000063 0.096512 0.000424 0.056190
0.208557 0.379163 0.403445 0.007584 0.000219 0.000301 0.000732
0.513982 0.000010 0.000135 0.000039 0.016723 0.468780 0.000331
0.601813 0.000018 0.000066 0.000091 0.000043 0.397878 0.000092
0.000459 0.351571 0.458289 0.000079 0.001371 0.000589 0.187642
0.585951 0.000010 0.000060 0.000168 0.000060 0.413613 0.000137
0.597654 0.000010 0.000010 0.000087 0.000078 0.402048 0.000113
0.215501 0.326429 0.170464 0.063148 0.167147 0.000475 0.056835
0.216904 0.375069 0.193523 0.000128 0.157544 0.000107 0.056726
0.212220 0.362712 0.202613 0.000010 0.165655 0.000010 0.056780
0.219879 0.356509 0.202812 0.006009 0.213316 0.000532 0.000942
0.205667 0.365525 0.193170 0.000113 0.182225 0.000447 0.052853
0.206134 0.333691 0.184072 0.023537 0.195634 0.000532 0.056400
0.195555 0.320942 0.218953 0.017714 0.180797 0.000422 0.065616
0.000380 0.000387 0.351361 0.606015 0.000330 0.040956 0.000571
0.000157 0.000184 0.370360 0.586579 0.000250 0.042082 0.000388
0.192414 0.341402 0.196038 0.000234 0.217270 0.000248 0.052395
0.195426 0.325882 0.237193 0.000687 0.177401 0.000521 0.062889
0.213030 0.304853 0.056269 0.000010 0.424628 0.000488 0.000722
0.226797 0.324378 0.060972 0.000010 0.345409 0.000278 0.042155
0.000271 0.000233 0.355983 0.599022 0.000681 0.041193 0.002618
0.036312 0.091828 0.000373 0.000997 0.016022 0.447582 0.406886
0.000383 0.305026 0.397127 0.000045 0.211984 0.000665 0.084771
0.000269 0.000354 0.000553 0.000292 0.000272 0.525882 0.472378
0.236627 0.310382 0.000010 0.091040 0.279631 0.001149 0.081162
0.163821 0.245781 0.000010 0.063398 0.276000 0.138213 0.112776
0.224051 0.307687 0.012151 0.015912 0.392911 0.000214 0.047073
0.200974 0.286230 0.000193 0.103590 0.281701 0.058754 0.068558
0.234510 0.331365 0.000485 0.000321 0.432535 0.000361 0.000423
0.222384 0.301517 0.000010 0.085682 0.304833 0.000866 0.084709
0.203603 0.292376 0.060292 0.000010 0.406871 0.000856 0.035992
0.187786 0.264451 0.000450 0.000751 0.244517 0.154201 0.147843
0.185488 0.258523 0.021669 0.181693 0.234287 0.048433 0.069908
0.187352 0.309819 0.337054 0.000091 0.100928 0.000690 0.064066
0.017860 0.000588 0.000506 0.000546 0.063194 0.483193 0.434113
0.506264 0.000010 0.000131 0.000127 0.009692 0.483714 0.000061
0.497208 0.000010 0.000171 0.000018 0.017847 0.484605 0.000141
0.432959 0.000080 0.055828 0.005219 0.079494 0.426116 0.000304
0.510219 0.000010 0.000366 0.000010 0.014648 0.474594 0.000153
0.173913 0.238386 0.000010 0.062129 0.275490 0.131556 0.118516
0.205154 0.331729 0.193571 0.000097 0.208363 0.000677 0.060409
0.165031 0.231362 0.000010 0.062043 0.262781 0.151032 0.127741
0.226640 0.280053 0.000010 0.082442 0.331502 0.000827 0.078526
0.186392 0.277314 0.000010 0.044800 0.353301 0.095774 0.042408
0.513010 0.000010 0.000032 0.000010 0.009183 0.477634 0.000121
0.220958 0.329059 0.071074 0.000010 0.330830 0.000584 0.047484
0.175932 0.268556 0.000010 0.061762 0.304143 0.105422 0.084176
0.000588 0.047541 0.000320 0.000434 0.001251 0.508082 0.441785
0.000475 0.037938 0.000530 0.000432 0.000320 0.499966 0.460340
0.187462 0.275313 0.000010 0.063258 0.325549 0.078272 0.070136
0.222554 0.363567 0.108789 0.000010 0.245684 0.000487 0.058908
0.179375 0.281223 0.000010 0.056708 0.319784 0.088046 0.074854
0.257346 0.393108 0.101477 0.000010 0.169547 0.000339 0.078173
0.220212 0.347534 0.121973 0.000010 0.250852 0.000513 0.058905
0.257797 0.383774 0.096192 0.000010 0.187353 0.000258 0.074615
0.228817 0.376426 0.100827 0.000321 0.248534 0.000138 0.044938
0.219906 0.379399 0.116289 0.003674 0.279445 0.000506 0.000780
0.263214 0.403006 0.003166 0.057683 0.272060 0.000106 0.000765
0.249670 0.374410 0.092736 0.000010 0.215327 0.000376 0.067471
0.273565 0.387936 0.089767 0.000010 0.175627 0.000010 0.073086
0.102524 0.144366 0.000451 0.000689 0.211373 0.298606 0.241992
0.228215 0.309305 0.004548 0.138259 0.318311 0.000689 0.000673
0.206275 0.306754 0.000010 0.123144 0.362252 0.000630 0.000936
0.013791 0.000104 0.000746 0.000449 0.110069 0.506407 0.368435
0.226738 0.290943 0.000010 0.095934 0.298683 0.000872 0.086819
0.242014 0.318981 0.000010 0.068898 0.270624 0.000642 0.098832
0.193507 0.288426 0.000010 0.088154 0.283012 0.058623 0.088268
0.222439 0.314446 0.058591 0.000010 0.370771 0.000716 0.033026
0.170527 0.259219 0.000010 0.146512 0.262507 0.075404 0.085820
0.208814 0.293993 0.000010 0.115524 0.281085 0.033194 0.067380
0.166264 0.257340 0.359122 0.117398 0.035500 0.000314 0.064062
0.202438 0.280992 0.000298 0.119972 0.296168 0.036005 0.064126
0.176005 0.262483 0.000309 0.000796 0.273199 0.159501 0.127706
0.223256 0.308019 0.000155 0.103947 0.291597 0.000696 0.072330
0.149949 0.233037 0.000078 0.057400 0.292307 0.155301 0.111928
0.216819 0.280109 0.000010 0.140430 0.277344 0.001252 0.084037
0.177279 0.251960 0.003413 0.122034 0.278352 0.083418 0.083542
0.000540 0.040472 0.000101 0.000871 0.001135 0.492811 0.464072
0.000551 0.038913 0.000350 0.000580 0.000321 0.492934 0.466351
0.000447 0.038514 0.000549 0.000632 0.000584 0.499488 0.459787
0.000304 0.040726 0.000590 0.000655 0.000512 0.496882 0.460331
0.225838 0.269233 0.001998 0.028823 0.408762 0.000767 0.064579
0.195284 0.254953 0.047319 0.000010 0.382366 0.060382 0.059686
0.213926 0.253499 0.031044 0.015036 0.411150 0.000797 0.074548
0.000323 0.000445 0.000370 0.000339 0.000397 0.522363 0.475762
0.226484 0.262564 0.044932 0.004194 0.386426 0.000727 0.074673
0.221525 0.280736 0.000437 0.000449 0.420282 0.000547 0.076024
0.223066 0.267297 0.049912 0.000010 0.378942 0.000997 0.079776
0.212502 0.257852 0.046065 0.003755 0.417820 0.000815 0.061192
0.210901 0.304372 0.025110 0.006736 0.302979 0.053782 0.096119
0.241622 0.323731 0.029203 0.011061 0.305692 0.000831 0.087859
0.241635 0.329130 0.026203 0.020196 0.305662 0.000733 0.076440
0.251617 0.333903 0.001372 0.033202 0.299149 0.000680 0.080077
0.229362 0.335560 0.014099 0.001944 0.368122 0.000010 0.050904
0.248548 0.333800 0.000497 0.000386 0.315216 0.000489 0.101063
0.221776 0.271840 0.004800 0.025778 0.405125 0.000682 0.069999
0.213867 0.260313 0.038010 0.006476 0.400469 0.001817 0.079049
0.000441 0.001047 0.000418 0.000172 0.026364 0.500528 0.471030
0.000259 0.000324 0.433596 0.564829 0.000267 0.000422 0.000303
0.001825 0.000635 0.000345 0.000461 0.035875 0.498487 0.462371
0.260431 0.378393 0.099905 0.000010 0.185039 0.000257 0.075965
0.000135 0.024560 0.000188 0.000792 0.002670 0.515332 0.456323
0.000213 0.000198 0.419910 0.522328 0.000281 0.056738 0.000332
0.188434 0.324641 0.355079 0.000166 0.070434 0.000462 0.060784
0.234499 0.293898 0.011224 0.026192 0.344306 0.000838 0.089042
0.000508 0.049246 0.000382 0.000484 0.000706 0.501491 0.447182
0.001452 0.041886 0.000282 0.000805 0.009964 0.495234 0.450376
0.422316 0.000025 0.000010 0.000010 0.060851 0.516700 0.000088
0.408854 0.000010 0.000360 0.000262 0.065882 0.524622 0.000010
0.413694 0.000010 0.000801 0.000192 0.067130 0.518164 0.000010
0.219647 0.398543 0.380743 0.000010 0.000059 0.000213 0.000786
0.418367 0.000010 0.000010 0.000095 0.058831 0.522563 0.000124
0.241329 0.320739 0.058162 0.000685 0.289158 0.000950 0.088977
0.234968 0.348670 0.072936 0.000010 0.296462 0.000455 0.046499
0.023654 0.001041 0.000394 0.000459 0.272440 0.418105 0.283908
0.001075 0.000598 0.000369 0.000421 0.233081 0.457710 0.306746
0.213170 0.337572 0.080512 0.000098 0.320439 0.000269 0.047939
0.220061 0.329479 0.079549 0.000064 0.323499 0.000307 0.047042
0.233159 0.336232 0.076635 0.000145 0.299608 0.000365 0.053855
0.002859 0.007161 0.000908 0.000552 0.184547 0.479742 0.324230
0.000050 0.003165 0.001331 0.000204 0.194057 0.478222 0.322971
0.000183 0.003574 0.000524 0.000531 0.194152 0.475757 0.325280
0.002412 0.001740 0.000786 0.000246 0.188669 0.486612 0.319535
0.000248 0.002457 0.000423 0.000738 0.191535 0.481142 0.323458
0.000327 0.014332 0.000701 0.000026 0.202413 0.461698 0.320503
0.000228 0.008933 0.000868 0.000264 0.194460 0.472828 0.322418
0.000036 0.000518 0.000346 0.000564 0.212986 0.470389 0.315161
0.216546 0.301805 0.050587 0.000010 0.387863 0.001391 0.041798
0.226092 0.301363 0.045238 0.000010 0.384963 0.000770 0.041563
0.224443 0.310687 0.041236 0.000010 0.383022 0.000710 0.039892
0.219641 0.307944 0.062831 0.000010 0.408320 0.000479 0.000774
0.221106 0.306399 0.051911 0.000010 0.382461 0.000658 0.037455
0.197726 0.294153 0.051173 0.000010 0.428487 0.000641 0.027812
0.217812 0.309417 0.047492 0.000010 0.378731 0.000662 0.045875
0.230245 0.304499 0.005511 0.017643 0.392340 0.000267 0.049496
0.000100 0.000146 0.332521 0.620248 0.000227 0.046383 0.000376
0.000174 0.000732 0.331869 0.611867 0.038154 0.000854 0.016351
0.205684 0.343955 0.172594 0.000039 0.223522 0.000727 0.053479
0.000150 0.000179 0.392183 0.606380 0.000251 0.000522 0.000334
0.000329 0.000342 0.337011 0.618101 0.000491 0.043127 0.000598
0.000253 0.000334 0.372404 0.625980 0.000324 0.000423 0.000283
0.148565 0.240787 0.000010 0.049001 0.293096 0.148913 0.119629
0.243279 0.372611 0.147950 0.000010 0.157415 0.000330 0.078404
0.239702 0.371661 0.007204 0.097950 0.282950 0.000023 0.000509
0.224548 0.350494 0.180574 0.008323 0.235034 0.000483 0.000544
0.217182 0.358523 0.164368 0.000058 0.194770 0.000471 0.064629
0.153802 0.234266 0.000010 0.053243 0.297302 0.148738 0.112639
0.218458 0.310141 0.070952 0.000010 0.360836 0.000442 0.039162
0.192670 0.317015 0.326608 0.000052 0.100811 0.000521 0.062324
0.210783 0.342251 0.176767 0.000058 0.213474 0.000010 0.056657
0.245488 0.312445 0.052289 0.000010 0.331857 0.000611 0.057300
0.229765 0.315068 0.067269 0.000010 0.340769 0.000548 0.046571
0.000261 0.000343 0.391390 0.606986 0.000280 0.000454 0.000286
0.248472 0.333331 0.013368 0.009365 0.338003 0.000414 0.057046
0.000439 0.019882 0.349928 0.579695 0.001567 0.047484 0.001005
0.245668 0.324521 0.014243 0.013540 0.337688 0.000010 0.064330
0.227403 0.350691 0.100018 0.000010 0.274536 0.000286 0.047055
0.227413 0.353977 0.093917 0.000010 0.279731 0.000010 0.044942
0.196129 0.327827 0.169771 0.008853 0.231276 0.000716 0.065428
0.229202 0.349493 0.149461 0.000010 0.203245 0.000731 0.067858
0.000357 0.000480 0.000331 0.000354 0.000381 0.522224 0.475873
0.201346 0.360924 0.196742 0.000096 0.239848 0.000454 0.000591
0.226531 0.357521 0.119281 0.040661 0.254894 0.000412 0.000700
0.184249 0.315989 0.213625 0.032906 0.201248 0.000412 0.051571
0.000024 0.397633 0.000315 0.000618 0.000010 0.601372 0.000027
0.000085 0.403788 0.000459 0.000576 0.000010 0.595063 0.000019
0.000223 0.000281 0.472137 0.526304 0.000308 0.000471 0.000275
0.000134 0.395571 0.000010 0.019715 0.000010 0.584515 0.000045
0.224131 0.357594 0.094464 0.000010 0.271628 0.000293 0.051880
0.230666 0.364969 0.086943 0.000010 0.268159 0.000015 0.049238
0.200441 0.364870 0.205211 0.000010 0.228291 0.000543 0.000634
0.000365 0.000463 0.514428 0.484011 0.000243 0.000293 0.000196
0.214763 0.315609 0.064504 0.000010 0.359692 0.000629 0.044793
0.000482 0.047710 0.000460 0.000501 0.000202 0.490991 0.459654
0.000234 0.000169 0.532313 0.448385 0.000818 0.000846 0.017235
0.087346 0.123283 0.000400 0.000752 0.217551 0.312603 0.258066
0.123035 0.172321 0.000358 0.000810 0.202417 0.261928 0.239129
0.090736 0.131595 0.008444 0.011887 0.221601 0.297186 0.238552
0.177775 0.240412 0.000010 0.060126 0.264978 0.137459 0.119240
0.095595 0.137580 0.000332 0.000809 0.215737 0.301498 0.248449
0.000329 0.000248 0.541412 0.457257 0.000240 0.000301 0.000215
0.094343 0.149607 0.000469 0.000736 0.231140 0.278516 0.245189
0.117611 0.161761 0.005399 0.021747 0.222810 0.252101 0.218572
0.000041 0.016892 0.000594 0.000423 0.200700 0.468481 0.312870
0.402673 0.000010 0.000676 0.000344 0.098240 0.497966 0.000090
0.022736 0.000896 0.000218 0.000855 0.017275 0.488617 0.469403
0.216316 0.304798 0.056199 0.000010 0.384902 0.000537 0.037237
0.191607 0.275194 0.000010 0.063117 0.329225 0.075127 0.065718
0.109884 0.154126 0.000435 0.000761 0.220751 0.275503 0.238541
0.237946 0.365903 0.116281 0.000010 0.212688 0.000616 0.066555
0.259881 0.386366 0.085095 0.000010 0.193798 0.000051 0.074799
0.238947 0.368917 0.105616 0.000010 0.228283 0.000491 0.057736
0.243862 0.382808 0.013604 0.047489 0.253976 0.000010 0.058251
0.270814 0.384387 0.087733 0.000010 0.179362 0.000423 0.077272
0.283200 0.402376 0.081084 0.000010 0.152602 0.000245 0.080483
0.243793 0.369238 0.107293 0.000010 0.218763 0.000454 0.060449
0.193762 0.286953 0.000010 0.066301 0.278316 0.079558 0.095101
0.201695 0.333126 0.062990 0.001676 0.399420 0.000501 0.000592
0.216887 0.295234 0.000096 0.093959 0.324212 0.000780 0.068831
0.203777 0.300027 0.000217 0.090520 0.308939 0.039539 0.056980
0.208619 0.282741 0.001614 0.210184 0.295355 0.000644 0.000843
0.075459 0.000212 0.000454 0.000504 0.000792 0.468423 0.454156
0.012737 0.007166 0.001016 0.000319 0.066753 0.493766 0.418243
0.001485 0.000618 0.000466 0.000265 0.077993 0.502190 0.416983
0.000435 0.000426 0.000384 0.000460 0.091783 0.503713 0.402800
0.005254 0.022446 0.000292 0.000831 0.079209 0.478287 0.413682
0.000636 0.000716 0.000347 0.000411 0.164548 0.472102 0.361241
0.167414 0.259634 0.000010 0.073287 0.270440 0.128926 0.100290
0.018101 0.002132 0.000403 0.000459 0.070095 0.484005 0.424805
0.169876 0.265846 0.000010 0.078182 0.262030 0.119985 0.104071
0.043344 0.000428 0.000327 0.000659 0.000812 0.489989 0.464441
0.004814 0.019870 0.000682 0.000404 0.153636 0.467906 0.352690
0.209290 0.303408 0.000322 0.000820 0.273603 0.104816 0.107741
0.188854 0.274706 0.000010 0.069246 0.285887 0.092649 0.088647
0.000343 0.025816 0.000718 0.000193 0.004748 0.505765 0.462417
0.174011 0.264618 0.000010 0.061615 0.320816 0.101537 0.077394
0.197914 0.319655 0.362843 0.007766 0.044103 0.000010 0.067708
0.000062 0.404296 0.000201 0.000756 0.000012 0.594655 0.000019
0.207055 0.317986 0.055414 0.000010 0.374927 0.000483 0.044124
0.193621 0.269855 0.000010 0.066640 0.323340 0.071201 0.075333
0.190702 0.267073 0.000010 0.065751 0.334781 0.072003 0.069680
0.187368 0.272191 0.000010 0.065657 0.334269 0.072692 0.067813
0.216934 0.307106 0.064209 0.000010 0.364158 0.000284 0.047300
0.232553 0.325596 0.030364 0.001105 0.347085 0.000010 0.063287
0.223896 0.323909 0.063541 0.000010 0.343160 0.000838 0.044646
0.215533 0.319709 0.080791 0.000010 0.340717 0.000517 0.042722
0.224294 0.314081 0.060656 0.000010 0.356845 0.000556 0.043558
0.214650 0.317233 0.067895 0.000010 0.399042 0.000557 0.000613
0.219003 0.306958 0.067637 0.000010 0.362690 0.000794 0.042908
0.222215 0.321702 0.064790 0.000010 0.342142 0.000570 0.048571
0.000227 0.000321 0.443521 0.554909 0.000310 0.000441 0.000270
0.000441 0.030120 0.000724 0.000103 0.001281 0.495670 0.471660
0.000292 0.000306 0.531944 0.466506 0.000269 0.000408 0.000276
0.009801 0.020615 0.000529 0.000468 0.036082 0.491233 0.441273
0.000454 0.000385 0.326114 0.618147 0.000949 0.030779 0.023172
0.000338 0.000490 0.000371 0.000352 0.000340 0.510428 0.487681
0.208617 0.295187 0.000010 0.114474 0.306573 0.000826 0.074313
0.573900 0.000010 0.000071 0.000128 0.000123 0.425667 0.000101
0.555704 0.000054 0.000010 0.000138 0.000036 0.443932 0.000126
0.587705 0.000010 0.000010 0.000010 0.000010 0.412078 0.000177
0.000380 0.000351 0.363302 0.587655 0.000388 0.047253 0.000671
0.232420 0.340532 0.001090 0.044697 0.380101 0.000560 0.000600
0.198976 0.286744 0.002669 0.120090 0.289504 0.034107 0.067908
0.430748 0.000043 0.017199 0.000855 0.085090 0.465738 0.000328
0.590167 0.000013 0.000162 0.000052 0.000010 0.409516 0.000081
0.234523 0.338346 0.016427 0.020559 0.311886 0.000704 0.077555
0.003811 0.000653 0.000313 0.000409 0.053516 0.495747 0.445550
0.594311 0.000022 0.000071 0.000078 0.000056 0.405365 0.000097
0.607998 0.000010 0.000011 0.000182 0.000036 0.391730 0.000034
0.591234 0.000010 0.000152 0.000126 0.000010 0.408348 0.000122
0.593399 0.000031 0.000010 0.000070 0.000092 0.406286 0.000112
0.601068 0.000038 0.000115 0.000017 0.000010 0.398646 0.000106
0.593656 0.000036 0.000010 0.000229 0.000021 0.405905 0.000143
0.604669 0.000010 0.000010 0.000066 0.000060 0.395095 0.000091
0.222377 0.341143 0.068444 0.000010 0.322319 0.000099 0.045608
0.234510 0.340504 0.070806 0.000035 0.302755 0.000242 0.051147
0.237812 0.343488 0.050069 0.000010 0.317381 0.000064 0.051176
0.004931 0.000988 0.342558 0.594434 0.031971 0.000684 0.024434
0.221448 0.334437 0.074587 0.000010 0.320738 0.000648 0.048133
0.243416 0.352686 0.026790 0.000010 0.317710 0.000343 0.059046
0.213416 0.378399 0.222443 0.000016 0.184558 0.000361 0.000807
0.220841 0.346397 0.174676 0.000475 0.193073 0.000310 0.064228
0.225943 0.362605 0.169730 0.012696 0.227695 0.000010 0.001321
0.186396 0.355448 0.272119 0.000065 0.184572 0.000473 0.000927
0.202010 0.337386 0.224245 0.024716 0.210233 0.000474 0.000935
0.010010 0.028347 0.435909 0.391537 0.043099 0.049831 0.041266
0.207562 0.353436 0.187323 0.011386 0.239246 0.000487 0.000560
0.210051 0.367247 0.214176 0.000010 0.153630 0.000508 0.054378
0.000021 0.000218 0.346715 0.608121 0.009873 0.034454 0.000600
0.000129 0.009481 0.366163 0.580368 0.002066 0.032645 0.009149
0.583836 0.000025 0.000020 0.000010 0.000120 0.415888 0.000100
0.221619 0.360205 0.179736 0.016599 0.220680 0.000564 0.000598
0.234333 0.355553 0.197221 0.003872 0.131971 0.000422 0.076627
0.587899 0.000027 0.000037 0.000069 0.000050 0.411807 0.000110
0.002532 0.019518 0.000379 0.000574 0.072880 0.496119 0.407997
0.001065 0.000476 0.000448 0.000406 0.159381 0.476169 0.362054
0.000192 0.000216 0.392791 0.557312 0.000281 0.048857 0.000351
0.155121 0.262866 0.000168 0.066820 0.329887 0.117679 0.067459
0.193646 0.301633 0.000010 0.078944 0.305248 0.054915 0.065605
0.199182 0.303343 0.000010 0.080705 0.293968 0.041259 0.081533
0.145517 0.227592 0.063921 0.257170 0.218551 0.033284 0.053965
0.243159 0.338028 0.058474 0.000010 0.318101 0.000113 0.042115
0.209678 0.305816 0.000010 0.072106 0.285962 0.050166 0.076262
0.145077 0.228376 0.000010 0.057262 0.297911 0.150099 0.121265
0.209650 0.297005 0.000010 0.071904 0.274992 0.065985 0.080454
0.032421 0.072154 0.000010 0.000997 0.014449 0.461096 0.418873
0.000050 0.400052 0.000250 0.000772 0.000036 0.598813 0.000026
0.000354 0.000488 0.362160 0.595031 0.040733 0.000714 0.000521
0.190889 0.315554 0.332962 0.009521 0.084313 0.000225 0.066536
0.511609 0.000048 0.000010 0.000010 0.012173 0.475981 0.000169
0.042383 0.081444 0.000010 0.018470 0.005874 0.440143 0.411677
0.000631 0.045321 0.000506 0.000377 0.001237 0.495975 0.455953
0.047007 0.091124 0.000269 0.001134 0.003142 0.439770 0.417554
0.038278 0.070447 0.000478 0.000589 0.001315 0.463143 0.425750
0.004124 0.085631 0.000458 0.000834 0.045848 0.458383 0.404722
0.000249 0.069107 0.000489 0.000527 0.001029 0.490710 0.437889
0.174590 0.267943 0.000010 0.077148 0.303267 0.097946 0.079096
